n:1576
d:2
c:7
unsup_score:77.62638539507489
sil:0.47494248604653466
dis5:0.3013213679042142
imb:3.5225253807106602
