n:788
d:2
c:7
unsup_score:77.89143235302676
sil:0.4732021022657575
dis5:0.30571222126451003
imb:3.5225253807106602
