n:3031
d:2
c:9
unsup_score:35.28052278702443
sil:-0.013412206639654742
dis5:0.3662174345098991
imb:5.485318376773342
