n:6062
d:2
c:9
unsup_score:42.98298682322395
sil:-0.012660252715462493
dis5:0.44249012094770207
imb:5.485318376773342
