n:18000
d:50
c:10
unsup_score:115.24575670483812
sil:0.38354092932177686
dis5:0.7689166377266043
imb:6.715873015873016
