n:20000
d:50
c:2010
unsup_score:113.87938613507502
sil:0.4178921417979941
dis5:0.7209017195527562
imb:1999.8995
