n:10299
d:561
c:6
unsup_score:4.747410289702149
sil:0.06170731218984791
dis5:-0.014233209292826423
imb:1.140693271191378
