n:7797
d:617
c:26
unsup_score:3.3576764196627193
sil:0.057909879303053115
dis5:-0.024333115106425916
imb:1.0046171604463257
