n:20000
d:16
c:26
unsup_score:-1.1450777297109067
sil:0.00864609272115163
dis5:-0.020096870018260698
imb:13.023607142857143
