n:19020
d:10
c:2
unsup_score:29.881301705427564
sil:0.13882601897228009
dis5:0.15998699808199554
imb:0.29674027339642484
