n:10992
d:16
c:10
unsup_score:30.79041313199581
sil:0.18141237022639214
dis5:0.12649176109356597
imb:4.0400291120815135
