n:500
d:5
c:10
unsup_score:40.910646113710754
sil:0.28037896287105873
dis5:0.12872749826604887
imb:6.4314285714285715
