n:1000
d:5
c:10
unsup_score:49.185904978378936
sil:0.2864342827400303
dis5:0.20542476704375906
imb:6.4314285714285715
