n:6497
d:11
c:7
unsup_score:-13.830674690731676
sil:-0.08048433084515834
dis5:-0.057822416062158405
imb:3.8804063413883334
