bop_js:0.6647455785354013;0.0
nn_dist:0.16213729098932633;0.0
nn_acc:0.8071065989847716;0.0
unsup_score:-5.0231934519602355;0.0
sil:0.003983047889360764;0.0
dis5:-0.054214982408963115;0.0
imb:5.125;0.0
