bop_js:0.09560258894703272;0.0
nn_dist:0.003642642880803982;0.0
nn_acc:1.0;0.0
unsup_score:85.69641519917137;0.0
sil:0.4548775326365464;0.0
dis5:0.4020866193551674;0.0
imb:3.5203045685279193;0.0
