bop_js:0.3803956658485778;5.551115123125783e-17
nn_dist:0.022891208717071385;0.00030881361629777156
nn_acc:0.9966159052453468;0.0015827653920363442
unsup_score:83.48134162719352;8.349464870054424
sil:0.5023848298573338;0.002208316916582681
dis5:0.3324285864146013;0.08457866093953414
imb:3.2067117879300624;0.4074160180789726
