bop_js:0.21576155433883565;0.0
nn_dist:0.009588554665655979;0.0
nn_acc:1.0;0.0
unsup_score:75.11538318975319;0.0
sil:0.4469856409331255;0.0
dis5:0.3041681909644065;0.0
imb:3.524746192893401;0.0
