bop_js:0.6647455785354013;0.0
nn_dist:0.10962160395178694;0.0009953880766296161
nn_acc:0.9103214890016921;0.002156945648727915
unsup_score:17.477545181976417;8.585171233715872
sil:0.2334710682921267;0.09226766893677767
dis5:-0.05869561647236247;0.007302306622118288
imb:2.6666666666666665;1.191695803839591
