bop_js:0.0956025889470327;0.0
nn_dist:0.0037007231639570744;0.0
nn_acc:1.0;0.0
unsup_score:86.18695644389021;0.0
sil:0.4618836171672598;0.0
dis5:0.3999859472716424;0.0
imb:3.5203045685279193;0.0
