bop_js:0.38039566584857776;0.0
nn_dist:0.01904801448424404;0.0
nn_acc:0.9974619289340102;0.0
unsup_score:68.2311503584219;0.0
sil:0.45133140135510114;0.0
dis5:0.23098010222911788;0.0
imb:3.50253807106599;0.0
