bop_js:0.52529317185701;0.0
nn_dist:0.041747874533301504;0.0017748699361152783
nn_acc:0.9915397631133671;0.007637677701043906
unsup_score:77.83703273092375;4.361785543690836
sil:0.4870910546095845;0.01865284641497339
dis5:0.29127927269965315;0.02864922582152781
imb:3.2507032348804503;0.3862299514287402
