bop_js:0.52529317185701;0.0
nn_dist:0.033947062567546496;0.0
nn_acc:0.9961928934010152;0.0
unsup_score:46.40579918591945;0.0
sil:0.384301250174078;0.0
dis5:0.07975674168511648;0.0
imb:3.5126582278481013;0.0
