bop_js:0.38039566584857776;0.0
nn_dist:0.018772721309720707;0.0
nn_acc:0.9974619289340102;0.0
unsup_score:66.0185600294663;0.0
sil:0.43186828263051147;0.0
dis5:0.22831731766415156;0.0
imb:3.5114213197969546;0.0
