bop_js:0.21576155433883565;0.0
nn_dist:0.009741725037279908;0.0
nn_acc:1.0;0.0
unsup_score:79.8919750951342;0.0
sil:0.4569303317861538;0.0
dis5:0.34198941916518827;0.0
imb:3.5114213197969546;0.0
