bop_js:0.3803956658485778;5.551115123125783e-17
nn_dist:0.022638521639063446;8.243713397093824e-05
nn_acc:0.9970389170896784;0.002156945648727915
unsup_score:78.86890151564103;6.22170186106586
sil:0.4745778764805833;0.014466529985584625
dis5:0.314111138675827;0.07098660603638618
imb:3.2442188381274675;0.39152061275707295
