bop_js:0.52529317185701;0.0
nn_dist:0.03470642073725798;0.0
nn_acc:0.9961928934010152;0.0
unsup_score:41.34727054722309;0.0
sil:0.370144386678622;0.0
dis5:0.04332831879360895;0.0
imb:3.4462025316455698;0.0
