bop_js:0.6647455785354013;0.0
nn_dist:0.1760176522246768;0.009951493551292
nn_acc:0.8104906937394247;0.03167226150141268
unsup_score:41.618347518753836;1.758469268099509
sil:0.4416877574203197;0.005509572284028614
dis5:-0.025504282232781273;0.022583652747395558
imb:1.75;0.44487826050130463
