bop_js:0.52529317185701;0.0
nn_dist:0.030106749777223118;5.181953816434529e-05
nn_acc:0.9966159052453468;0.0015827653920363442
unsup_score:70.35337499160501;2.1084339169218635
sil:0.450930050411523;0.013883050912344755
dis5:0.25260369950452694;0.023852613258459967
imb:3.2531645569620253;0.43001504776244953
