bop_js:0.21576155433883568;2.7755575615628914e-17
nn_dist:0.011694033249523906;0.0001435154637276648
nn_acc:0.9983079526226734;0.0005982290872982261
unsup_score:77.71411578114008;2.523988824697771
sil:0.48439866476984833;0.007603854283491882
dis5:0.2927424930415523;0.022529238782223154
imb:3.2269458544839256;0.41183097978765615
