bop_js:0.0956025889470327;0.0
nn_dist:0.005140278420253996;9.045146968356662e-05
nn_acc:1.0;0.0
unsup_score:82.65811755658933;1.4846386699526954
sil:0.4739769700918994;0.0029239501773828456
dis5:0.352604205473994;0.017759998318142754
imb:3.521291596164693;0.02297888524753525
