bop_js:0.09560258894703272;1.1331166295920986e-17
nn_dist:0.0036477725758606006;2.4868615880903228e-06
nn_acc:1.0;0.0
unsup_score:84.28179895622439;3.502827144193553
sil:0.45773100039034026;0.0027872100135360564
dis5:0.3850869891719037;0.033495432921716715
imb:3.5272137619853354;0.003693119248084945
