bop_js:0.0956025889470327;0.0
nn_dist:0.005100721043800275;0.0001557436313281875
nn_acc:0.9995769881556683;0.0005982290872982785
unsup_score:82.92467629746437;0.46791891507671085
sil:0.48441671041286466;0.004687667387718526
dis5:0.34483005256177907;0.0006823173278781807
imb:3.2195431472081224;0.4066422342442224
