bop_js:0.52529317185701;0.0
nn_dist:0.04022437132415328;0.001716398452400755
nn_acc:0.989424703891709;0.004187603611087852
unsup_score:84.56552854863513;6.927230997915085
sil:0.5063630674665616;0.007163743537201154
dis5:0.33929221801978965;0.06211168353751443
imb:2.9912095639943743;0.3890830883712281
