bop_js:0.52529317185701;0.0
nn_dist:0.034490548382780685;0.0
nn_acc:1.0;0.0
unsup_score:53.02757803561742;0.0
sil:0.39671619337076425;0.0
dis5:0.13355958698540993;0.0
imb:3.5126582278481013;0.0
