bop_js:0.21576155433883568;2.7755575615628914e-17
nn_dist:0.01151882136919617;9.039123139273758e-05
nn_acc:0.9983079526226734;0.0005982290872982261
unsup_score:79.18792835856085;2.878701933256896
sil:0.4685946966343654;0.012507363543268571
dis5:0.323284586951243;0.016815682909817706
imb:3.508460236886633;0.021859932618789057
