bop_js:0.21576155433883565;0.0
nn_dist:0.009350778222605511;0.0
nn_acc:1.0;0.0
unsup_score:73.95256576593201;0.0
sil:0.4446074892741033;0.0
dis5:0.29491816838521684;0.0
imb:2.692047377326565;0.0
