bop_js:0.21576155433883568;2.7755575615628914e-17
nn_dist:0.00915970148386449;2.711570248939786e-05
nn_acc:0.9995769881556683;0.0005982290872982785
unsup_score:81.36541615682829;1.3400557289646806
sil:0.44998199600723926;0.002577520207871567
dis5:0.36367216556104354;0.011992023590193041
imb:2.9666525662718555;0.388350382504456
