bop_js:0.6647455785354013;0.0
nn_dist:0.1645206081277709;0.01240729025234528
nn_acc:0.7787648054145516;0.052327095188317074
unsup_score:62.78061087485406;14.860818717275192
sil:0.6080575119983495;0.12308131619102039
dis5:0.019748596750191152;0.03357495561662107
imb:0.9166666666666666;0.6561673228343176
