bop_js:0.0956025889470327;0.0
nn_dist:0.004367176175582561;0.0
nn_acc:1.0;0.0
unsup_score:81.2645924366406;0.0
sil:0.46673493714162884;0.0
dis5:0.3459109872247771;0.0
imb:3.5203045685279193;0.0
