bop_js:0.38039566584857776;0.0
nn_dist:0.01890840976824191;0.0
nn_acc:0.9974619289340102;0.0
unsup_score:66.709213358448;0.0
sil:0.4266413836359441;0.0
dis5:0.24045074994853577;0.0
imb:2.6683587140439933;0.0
