bop_js:0.6647455785354013;0.0
nn_dist:0.1664339818806614;0.0
nn_acc:0.8185279187817259;0.0
unsup_score:-5.767181074058341;0.0
sil:-0.006722553301097238;0.0
dis5:-0.05094925743948617;0.0
imb:5.125;0.0
