bop_js:0.3803956658485778;5.551115123125783e-17
nn_dist:0.01756834892402283;3.2982862890994894e-05
nn_acc:0.998730964467005;0.0010361631737661303
unsup_score:75.49088969711615;2.9862223874978717
sil:0.4576930857710256;0.009024592707424924
dis5:0.2972158112001359;0.020843082273323963
imb:3.227439368302312;0.3953463557451338
