bop_js:0.06607877084125528;0.003567212106330249
nn_dist:0.0046659842571294815;9.008854994343672e-05
nn_acc:1.0;0.0
unsup_score:29.18299661546571;2.710950669107595
sil:-0.013229621851926708;0.009093521735886057
dis5:0.3050595880065838;0.02743247685924508
imb:6.112906772207563;0.43191848472270983
