bop_js:0.008336917001796576;0.0
nn_dist:0.0013838331037464428;0.0
nn_acc:1.0;0.0
unsup_score:32.653307352592655;0.0
sil:-0.01877134035552802;0.0
dis5:0.3453044138814546;0.0
imb:5.4912010558732955;0.0
