bop_js:0.08718294642468159;0.0018467581934843043
nn_dist:0.006759203119858153;1.9053174623318032e-05
nn_acc:1.0;0.0
unsup_score:13.495250823843927;1.164916634061907
sil:-0.017056143254691063;0.003651971360446691
dis5:0.15200865149313034;0.00802288065899205
imb:5.490953637391631;0.7521069967757866
