bop_js:0.34634214730250523;0.0077883331612477544
nn_dist:0.019628218043552265;0.0007145196655019789
nn_acc:0.9969207082371055;0.0023535614823526852
unsup_score:2.8297526212570694;1.5606783019150752
sil:-0.03158510305831858;0.011413254506528499
dis5:0.059882629270889276;0.022193800058775016
imb:5.845355964167845;0.8709084371271267
