bop_js:0.11086536691151182;0.0
nn_dist:0.00774876948066845;0.0
nn_acc:1.0;0.0
unsup_score:8.391605632355965;0.0
sil:-0.015964292492780138;0.0
dis5:0.0998803488163398;0.0
imb:5.475593667546174;0.0
