bop_js:0.6172090683584678;0.0035906244545289372
nn_dist:0.0825065982018151;0.0019988639674155483
nn_acc:0.7857692730671947;0.023261145160432255
unsup_score:17.02508512785748;6.940713744207123
sil:0.11330326981332688;0.03126076611573303
dis5:0.05694758146524792;0.06426780447662374
imb:3.901111111111111;0.4402047783856737
