bop_js:0.17515312005907735;0.001966572908990424
nn_dist:0.009961939925075968;8.014548099558464e-05
nn_acc:0.9998900252941824;0.0001555277204853491
unsup_score:13.690515792081522;2.0514172049564805
sil:-0.013933233024858887;0.017633150084339032
dis5:0.15083839094567408;0.005544029961210402
imb:5.499962306822465;0.758813918434337
