bop_js:0.3347511816178707;0.0
nn_dist:0.015322551595037013;0.0
nn_acc:1.0;0.0
unsup_score:-2.384698778919841;0.0
sil:-0.03446506310113996;0.0
dis5:0.010618075311941552;0.0
imb:5.48019801980198;0.0
