bop_js:0.00823133066325048;0.0
nn_dist:0.000979444010625369;0.0
nn_acc:1.0;0.0
unsup_score:29.838832165149466;0.0
sil:-0.011346769796963982;0.0
dis5:0.3097350914484586;0.0
imb:5.483941926968764;0.0
