bop_js:0.10461855964359629;0.0
nn_dist:0.007622809872878575;0.0
nn_acc:1.0;0.0
unsup_score:11.809318978953106;0.0
sil:-0.01088722603864828;0.0
dis5:0.12898041582817935;0.0
imb:6.404636260836789;0.0
