bop_js:0.02169891850763167;0.0003856627375807697
nn_dist:0.0019120831683845537;1.620492381207723e-05
nn_acc:1.0;0.0
unsup_score:30.42502674284788;1.7356470358472447
sil:-0.011740852688632114;0.00803055920956495
dis5:0.31599112011711095;0.022992163569363937
imb:5.491892401483251;0.7532873864153916
