bop_js:0.33359681040445627;0.0
nn_dist:0.01551410909116042;0.0
nn_acc:1.0;0.0
unsup_score:-0.8832315497366294;0.0
sil:-0.025387401478956583;0.0
dis5:0.01655508598159029;0.0
imb:5.495049504950495;0.0
