bop_js:0.010905052188330853;0.0
nn_dist:0.0009712281560455363;0.0
nn_acc:1.0;0.0
unsup_score:31.325086889079827;0.0
sil:-0.00753733522103756;0.0
dis5:0.32078820411183584;0.0
imb:5.478662560492741;0.0
