bop_js:0.06664141117625196;0.0021630442297053847
nn_dist:0.00458653180949;5.703794198478766e-05
nn_acc:1.0;0.0
unsup_score:27.771029175983497;2.0232384802145646
sil:-0.013446556035934407;0.007656963986325872
dis5:0.29115684779576934;0.015327637978957889
imb:5.497125895212967;0.7457198905730273
