bop_js:0.6164567043605038;0.0
nn_dist:0.06271303539430506;0.0
nn_acc:0.9604091059056417;0.0
unsup_score:-27.19790846904378;0.0
sil:-0.19347040419437028;0.0
dis5:-0.0785086804960675;0.0
imb:5.5;0.0
