bop_js:0.023548581067532433;0.000674138717106475
nn_dist:0.0029587198686063486;7.422921018735872e-06
nn_acc:1.0;0.0
unsup_score:18.054723480286878;0.2067379211652046
sil:-0.018854612267388604;0.0006802147663750683
dis5:0.1994018470702574;0.0014774985941129952
imb:6.420184696569922;0.0010577621711574219
