bop_js:0.11139639426266817;0.0
nn_dist:0.007911458895360633;0.0
nn_acc:1.0;0.0
unsup_score:7.6343152885994945;0.0
sil:-0.024378311048052676;0.0
dis5:0.10072146393404761;0.0
imb:6.4199019977384095;0.0
