bop_js:0.33769352315792384;0.0
nn_dist:0.01559449195019118;0.0
nn_acc:1.0;0.0
unsup_score:-1.5855222099937207;0.0
sil:-0.029768206273703066;0.0
dis5:0.01391298417376586;0.0
imb:5.465346534653465;0.0
