bop_js:0.29405865862338404;0.0030694179741830416
nn_dist:0.013012460656117096;4.9804386349541714e-05
nn_acc:0.9998900252941824;0.0001555277204853491
unsup_score:4.320399911692464;2.1926603067064594
sil:-0.02606749256028588;0.009942670764900421
dis5:0.06927149167721051;0.01476737317288317
imb:5.494295143800095;0.7614365149847683
