bop_js:0.17275226855335313;0.009903693179519
nn_dist:0.009916576481520436;0.00016895284841804284
nn_acc:0.9997800505883646;0.00031105544097064576
unsup_score:12.349802730393513;3.098985917605596
sil:-0.028144794213675134;0.007083373590820224
dis5:0.15164282151761024;0.029269394984332356
imb:5.512156049754995;0.7467012325406487
