bop_js:0.6177721508887968;0.0
nn_dist:0.06241267293149173;0.0
nn_acc:0.9600791817881887;0.0
unsup_score:-27.09601060921773;0.0
sil:-0.1932488485531238;0.0
dis5:-0.07771125753905349;0.0
imb:5.5;0.0
