bop_js:0.010903629960496328;0.0003348463858890353
nn_dist:0.0009492704300628415;9.58862470200416e-07
nn_acc:1.0;0.0
unsup_score:31.929888714160054;0.16500619204456557
sil:-0.006967562605046249;0.0016937712044049372
dis5:0.32626644974664676;0.00027078407914894693
imb:5.479982402111747;0.0005388230846419401
