bop_js:0.6152144637372622;0.005209877619330621
nn_dist:0.07237581459197465;0.0006245794980388915
nn_acc:0.8895853953590674;0.01982536200218806
unsup_score:-9.17160258382131;1.4094720728975014
sil:-0.0513675244135198;0.03069011122112293
dis5:-0.04034850142469329;0.01673123254036893
imb:4.564444444444445;0.7633325246639743
