bop_js:0.020508354233751375;0.0011312151832913455
nn_dist:0.001857795880718864;1.9282570360895757e-05
nn_acc:1.0;0.0
unsup_score:31.790945670772956;2.848498034296927
sil:-0.010805134040294996;0.0020945084371165423
dis5:0.32871459074802456;0.03015090277929985
imb:5.18056899838686;0.4267017031173636
