bop_js:0.3433901836480174;0.004476663707886157
nn_dist:0.019685215025244233;0.00021291997612116377
nn_acc:0.9970306829429232;0.0029138109093790345
unsup_score:7.1212766310469116;6.3867781061255275
sil:-0.01333769602048354;0.03571487805760285
dis5:0.08455046233095265;0.028696352000606856
imb:5.21023102310231;0.45659657489039057
