bop_js:0.6189198855263812;0.002483468763313345
nn_dist:0.050436829383931424;0.0009725359828423151
nn_acc:0.9891125041240514;0.0018856733970617416
unsup_score:-26.094850650667826;1.8588717328405744
sil:-0.20026297557016534;0.015865752239796898
dis5:-0.06068553093651294;0.0032463558364165604
imb:5.493333333333333;0.7430268426435811
