bop_js:0.6181840017228861;0.0
nn_dist:0.06596905382104286;0.0
nn_acc:0.953480699439129;0.0
unsup_score:-24.991279042836574;0.0
sil:-0.17536102870950587;0.0
dis5:-0.07455176171885987;0.0
imb:5.5;0.0
