bop_js:0.020597659630873753;0.0
nn_dist:0.0034976746869579828;0.0
nn_acc:1.0;0.0
unsup_score:20.25629575056685;0.0
sil:-0.019760851090023974;0.0
dis5:0.22232380859569248;0.0
imb:5.488456464379947;0.0
