bop_js:0.026184171225847527;0.0
nn_dist:0.0031678371300263588;0.0
nn_acc:1.0;0.0
unsup_score:18.400251280289197;0.0
sil:-0.011875924781262112;0.0
dis5:0.19587843758415407;0.0
imb:6.4122691292875995;0.0
