bop_js:0.015613541148611264;0.0
nn_dist:0.00317332261394298;0.0
nn_acc:1.0;0.0
unsup_score:21.474993511979434;0.0
sil:-0.016368930334053348;0.0
dis5:0.2311188654538477;0.0
imb:6.413117225782133;0.0
