bop_js:0.12811036017103866;0.0004237005271576694
nn_dist:0.09017084784900871;4.41801696635019e-05
nn_acc:1.0;0.0
unsup_score:105.69539989325773;0.10735639915399507
sil:0.3119250401188056;0.0013004741390194002
dis5:0.7450289588137716;0.00034544534952330504
imb:7.794444444444444;0.0021872244094473907
