bop_js:0.1454278659028433;0.0006050202371112038
nn_dist:0.022396040270593862;1.0581676482629677e-05
nn_acc:1.0;0.0
unsup_score:71.54416099218263;0.14510249352018026
sil:0.24987477483009338;0.00048494297859972717
dis5:0.46556683509173286;0.00124736759704753
imb:2001.5977992007993;0.0
