bop_js:0.47267170908727;0.0
nn_dist:0.6707450717393281;0.0
nn_acc:0.3969;0.0
unsup_score:-100.0;0.0
sil:-1.0;0.0
dis5:0.0;0.0
imb:0.0;0.0
