bop_js:0.08069808958326534;0.00031608718281253784
nn_dist:0.013310926826349552;2.959227393167329e-06
nn_acc:1.0;0.0
unsup_score:94.08702831542439;0.03829713809682981
sil:0.3227133597469098;0.0005459784734867171
dis5:0.6181569234073341;0.0004279435147960945
imb:2001.798698801199;8.197593049850956e-05
