bop_js:0.14518587869208952;0.0
nn_dist:0.016560991978738095;0.0
nn_acc:1.0;0.0
unsup_score:91.134095683331;0.0
sil:0.30797211882692715;0.0
dis5:0.6033688380063829;0.0
imb:2002.7988996505242;0.0
