bop_js:0.2203519869538483;0.0
nn_dist:0.11771218286414313;0.0
nn_acc:1.0;0.0
unsup_score:99.83470999310599;0.0
sil:0.29129294521947013;0.0
dis5:0.7070541547115897;0.0
imb:7.9463888888888885;0.0
