bop_js:0.07293492809072417;0.004236099222624848
nn_dist:0.25868437482935347;0.0010831543258753586
nn_acc:0.8977333333333334;0.0024513035081133567
unsup_score:84.53119912819342;1.9684734846197722
sil:0.4041964594536907;0.012223868714910886
dis5:0.44111553182824365;0.007585651379365896
imb:24.470664781245745;3.0706456235162243
