bop_js:0.009988596684744389;0.00038711042137026255
nn_dist:0.07785197755922811;0.00010418015157563183
nn_acc:1.0;0.0
unsup_score:114.42566979977119;0.4322259446588037
sil:0.38919746444146774;0.003078393428659735
dis5:0.7550592335562439;0.0019815141410500655
imb:5.8133333333333335;0.003035380457566371
