bop_js:0.0034723733294825796;0.00011551805875538387
nn_dist:0.038563983767126025;0.0002921291712754206
nn_acc:1.0;0.0
unsup_score:114.68431331799282;0.27149822146568364
sil:0.3866446433871493;0.002162962051026147
dis5:0.7601984897927788;0.0005550284606941313
imb:5.820576131687242;0.0024199490416442547
