bop_js:0.05625542362669517;0.0
nn_dist:0.15028396001272082;0.0
nn_acc:1.0;0.0
unsup_score:103.86181188678579;0.0
sil:0.3467929109343171;0.0
dis5:0.6918252079335406;0.0
imb:6.777777777777778;0.0
