bop_js:0.4506300351092176;0.000471996933721974
nn_dist:0.05178043636179299;0.0004866570507592049
nn_acc:0.9819;4.0824829046381805e-05
unsup_score:0.9011477182369898;0.026760303813489286
sil:0.00621432587669318;0.00013150129208586934
dis5:0.002797151305676719;0.00016819119609879464
imb:1968.0135;0.8160883326372719
