bop_js:0.010591339588586145;0.00036344294431760855
nn_dist:0.12235942571248519;0.0021510351201786274
nn_acc:0.9492833333333333;0.00094633797110526
unsup_score:113.40101114705978;0.23359014825932042
sil:0.4179433319837859;0.0009126902496556613
dis5:0.716066779486812;0.0014693891817276206
imb:985.5670999999999;18.924866746162266
