bop_js:0.002430451377726371;0.0001301218919319492
nn_dist:0.017420630638334367;0.00066095527784962
nn_acc:0.996;0.0003559026084010565
unsup_score:110.13882655532991;0.07519621839785463
sil:0.40794342900675346;0.0006888241894750722
dis5:0.6934448365465457;0.0003043703594203207
imb:1919.8713333333333;7.117577631209678
