bop_js:0.049918138244942435;0.0008605717605983429
nn_dist:0.200762336467274;0.0007066963718684286
nn_acc:0.9207000000000001;0.00024832774042919144
unsup_score:97.38898426814008;0.4783567718856793
sil:0.3701214019579582;0.003983607518461836
dis5:0.6037684407234427;0.0008531750235507321
imb:413.788;4.964071531179493
