bop_js:0.021570918481046704;0.0
nn_dist:0.11575238460532539;0.0
nn_acc:1.0;0.0
unsup_score:107.69712006548463;0.0
sil:0.3522351102273116;0.0
dis5:0.7247360904275346;0.0
imb:6.778412698412698;0.0
