bop_js:0.026173911583362807;0.0009141172012401428
nn_dist:0.11938227853383032;5.063897076727099e-05
nn_acc:1.0;0.0
unsup_score:114.29081406614121;0.4242373280134496
sil:0.3856790558205596;0.001803692215588701
dis5:0.7572290848408528;0.0024453808099612006
imb:6.724656084656085;0.0013301381047594546
