bop_js:0.37115553640545934;0.0
nn_dist:0.16617902205357238;0.0
nn_acc:1.0;0.0
unsup_score:96.24168801154262;0.0
sil:0.2926468415457045;0.0
dis5:0.6697700385697217;0.0
imb:8.894444444444444;0.0
