bop_js:0.40718279886716274;0.006284864731578467
nn_dist:0.20857611306882473;0.002660705816364953
nn_acc:0.9884444444444446;0.0050700849417808025
unsup_score:83.97009582026777;0.6999291412960224
sil:0.37827230688719454;0.00876002766177259
dis5:0.4614286513154832;0.0033791669111957524
imb:4.1611111111111105;0.48713912463378584
