bop_js:0.007303599545785398;0.00017330410920349569
nn_dist:0.07689503394474641;4.114961996428267e-05
nn_acc:1.0;0.0
unsup_score:114.99300490868715;0.1510164590611731
sil:0.3841207426089011;0.0017206136488910604
dis5:0.7658093064779705;0.0002569579970484763
imb:6.72084656084656;0.0019454789746933907
