bop_js:0.027875804052560297;0.0006358726907515085
nn_dist:0.12005819821246418;8.1419276671232e-05
nn_acc:1.0;0.0
unsup_score:112.90407736529762;0.7113982373414173
sil:0.38869789064121996;0.005836957963194121
dis5:0.7403428830117562;0.003597245621846236
imb:5.812469135802469;0.006977220321454242
