bop_js:0.006274348700525288;0.0
nn_dist:0.030271800595290995;0.0
nn_acc:1.0;0.0
unsup_score:112.00582526839004;0.0
sil:0.3623306011754954;0.0
dis5:0.757727651508405;0.0
imb:6.777883597883598;0.0
