bop_js:0.3733353172598048;0.0005912631777539359
nn_dist:0.1412182581935214;0.00018042913616889256
nn_acc:1.0;0.0
unsup_score:90.55692809292607;0.44602270907820885
sil:0.3465339205257927;0.005974314974664883
dis5:0.5590353604034681;0.0019167053234014628
imb:6.772486772486772;0.00374130572056373
