bop_js:0.08357690387292317;0.0009749819137807443
nn_dist:0.15091449909712648;0.0002612774506521928
nn_acc:1.0;0.0
unsup_score:110.61740450649972;0.8301631604132049
sil:0.38483710070143506;0.00563410593019234
dis5:0.7213369443635623;0.0050252108230609
imb:5.814506172839505;0.005146090123621577
