bop_js:0.0825446773709656;0.0004491661093119062
nn_dist:0.05419468871282206;2.164175018364421e-05
nn_acc:1.0;0.0
unsup_score:106.00710208104557;0.14049361300019203
sil:0.30849799889203716;0.0005173032361410831
dis5:0.7515730219184186;0.0009034776800298087
imb:7.783842592592592;0.00096447530814753
