bop_js:0.07975602067044524;0.00012756891970792852
nn_dist:0.15055577350522784;0.00023703947696882615
nn_acc:1.0;0.0
unsup_score:111.27473901787005;1.4296087877423633
sil:0.3835821478430758;0.01086141420251966
dis5:0.7291652423356245;0.0034649269005020008
imb:6.129232804232804;0.4165010308777482
