bop_js:0.4836732105261933;0.0
nn_dist:0.21963509976603915;0.0
nn_acc:1.0;0.0
unsup_score:75.99136414013935;0.0
sil:0.2855789982041067;0.0
dis5:0.4743346431972868;0.0
imb:7.777777777777779;0.0
