bop_js:0.028125700306791655;0.00018107228853075707
nn_dist:0.024412444015267164;2.015257807829739e-05
nn_acc:1.0;0.0
unsup_score:105.28948263640619;0.037512613655858666
sil:0.31434555671875436;0.0002295565373001127
dis5:0.7385492696453076;0.00019137302111206858
imb:5.9358847736625515;0.0008453760734226783
