bop_js:0.11298962546629869;0.0031598172978345817
nn_dist:0.25667875933961065;0.0013773220468048459
nn_acc:0.8991000000000001;0.0022162280267758205
unsup_score:73.4844618399964;4.956830010355324
sil:0.3623321577266041;0.019487221287828566
dis5:0.3725124606733599;0.030235397116001504
imb:51.35430567879325;5.985036379037003
