bop_js:0.01683258402836256;0.0
nn_dist:0.11937039883138004;0.0
nn_acc:1.0;0.0
unsup_score:113.33845434173675;0.0
sil:0.38631894917187504;0.0
dis5:0.7470655942454923;0.0
imb:6.714603174603175;0.0
