bop_js:0.036319595537251274;0.0009385919762110761
nn_dist:0.22376602130115816;0.0016766220190692121
nn_acc:0.9102166666666666;0.0007663042621715148
unsup_score:110.59305125653042;1.5275582244352026
sil:0.4153461862003409;0.00909455855983404
dis5:0.690584326364963;0.0062950385016044596
imb:205.5544616032532;14.878920410412109
