bop_js:0.01576859083228495;0.0
nn_dist:0.017343103080230675;0.0
nn_acc:1.0;0.0
unsup_score:96.97046384413964;0.0
sil:0.35007754899962173;0.0
dis5:0.6196270894417747;0.0
imb:1999.799;0.0
