bop_js:0.368675187063253;0.0
nn_dist:0.19864249712452414;0.0
nn_acc:1.0;0.0
unsup_score:84.95310127435222;0.0
sil:0.34662737541138616;0.0
dis5:0.502903637332136;0.0
imb:5.8240740740740735;0.0
