bop_js:0.0015507698836967065;0.0
nn_dist:0.03705621668734057;0.0
nn_acc:1.0;0.0
unsup_score:114.81790922599626;0.0
sil:0.38427672466505314;0.0
dis5:0.7639023675949095;0.0
imb:6.713968253968254;0.0
