bop_js:0.4336590116238475;0.0029447209811300987
nn_dist:0.22994508053400975;0.0006709686531536569
nn_acc:0.8874333333333332;2.3570226039548986e-05
unsup_score:5.750399557632679;0.18132451199725916
sil:0.04620419676377414;0.0007557647701891975
dis5:0.01129979881255265;0.0010721666793306215
imb:175.76333333333332;0.4690474981870787
