bop_js:0.030932351641895086;0.0
nn_dist:0.027943967717232836;0.0
nn_acc:1.0;0.0
unsup_score:104.77844577683611;0.0
sil:0.31413675516815537;0.0
dis5:0.7336477026002057;0.0
imb:5.942716049382716;0.0
