bop_js:0.05397970607218869;0.0
nn_dist:0.15175742941524642;0.0
nn_acc:1.0;0.0
unsup_score:110.46462485883299;0.0
sil:0.3796370766460648;0.0
dis5:0.7250091719422651;0.0
imb:6.722222222222222;0.0
