bop_js:0.5673116690542239;0.0
nn_dist:1.2091239399929923;0.0
nn_acc:0.3069;0.0
unsup_score:-100.0;0.0
sil:-1.0;0.0
dis5:0.0;0.0
imb:0.0;0.0
