bop_js:0.008197680460142413;0.0
nn_dist:0.07103960112088474;0.0
nn_acc:0.97405;0.0
unsup_score:106.97578639873318;0.0
sil:0.3956069410088097;0.0
dis5:0.6741509229785221;0.0
imb:1480.8509;0.0
