bop_js:0.3028006364075163;0.0
nn_dist:0.030769101599240567;0.0
nn_acc:1.0;0.0
unsup_score:66.38842016030085;0.0
sil:0.23542180091206175;0.0
dis5:0.4284624006909468;0.0
imb:2004.5975990024938;0.0
