bop_js:0.4085250997989971;0.0121424380737625
nn_dist:0.20933718380284252;0.002350849136418965
nn_acc:0.9944999999999999;7.856742013182997e-05
unsup_score:80.40013941507816;5.174815157092674
sil:0.3668288541673348;0.02334604706627461
dis5:0.4371725399834468;0.03231325627595397
imb:5.451666666666667;0.4053873319294633
