bop_js:0.00955964918500428;0.0
nn_dist:0.07084739403716844;0.0
nn_acc:1.0;0.0
unsup_score:110.00530733127083;0.0
sil:0.35584882638454096;0.0
dis5:0.7442042469281674;0.0
imb:6.762539682539682;0.0
