bop_js:0.541811808997122;0.0
nn_dist:1.8075900833631497;0.0
nn_acc:0.3995;0.0
unsup_score:-100.0;0.0
sil:-1.0;0.0
dis5:0.0;0.0
imb:0.0;0.0
