bop_js:0.026988863544240516;0.0004418010766766713
nn_dist:0.135548776090859;0.0008531367334986761
nn_acc:0.9478333333333332;0.0004478342947514818
unsup_score:100.96757225910513;0.26530420763829704
sil:0.3789001819068661;0.0013412712078978927
dis5:0.6307755406841853;0.002653934765099334
imb:956.4733333333334;8.954894557850608
