bop_js:0.0306234346021967;0.0
nn_dist:0.11003881880697891;0.0
nn_acc:0.9604;0.0
unsup_score:94.29000533786402;0.0
sil:0.35280452375450366;0.0
dis5:0.5900955296241365;0.0
imb:1207.7564;0.0
