bop_js:0.06780066952945765;0.0
nn_dist:0.02847602289837605;0.0
nn_acc:1.0;0.0
unsup_score:71.69183393092732;0.0
sil:0.2615307671592279;0.0
dis5:0.45538757215004527;0.0
imb:1999.598;0.0
