bop_js:0.00963367380166818;0.0002175592630605875
nn_dist:0.06018209744407227;0.0013691384379419138
nn_acc:0.9795166666666666;0.0006510674994875158
unsup_score:105.48768128197487;0.09392327325964
sil:0.3920439909642013;0.0011142332092494882
dis5:0.6628328218555474;0.0012051042316350588
imb:1590.1733000000002;13.020047854750706
