bop_js:0.027884854806932563;0.0001397435212351157
nn_dist:0.00593541792379356;7.204584913867874e-06
nn_acc:1.0;0.0
unsup_score:101.01379589896732;0.023722916001349386
sil:0.34572771630346244;0.0001311941947988399
dis5:0.6644102426862107;0.00011796775707611991
imb:2001.5323766122267;0.47124677380767704
