bop_js:0.005076591851350331;0.0
nn_dist:0.0759734290360163;0.0
nn_acc:1.0;0.0
unsup_score:114.53815502685158;0.0
sil:0.38477993457183246;0.0
dis5:0.7606016156966834;0.0
imb:6.713650793650793;0.0
