bop_js:0.0025270723620163054;3.235186418570555e-05
nn_dist:0.037676070288080815;0.00011442740579983081
nn_acc:1.0;0.0
unsup_score:115.06936338944564;0.23792715231697487
sil:0.3837077922999487;0.0007576493381068834
dis5:0.7669858415945079;0.0017305053727543578
imb:6.717072310405643;0.002876456160546846
