bop_js:0.6331945000560908;0.0
nn_dist:2.0770665233451773;0.0
nn_acc:0.5024;0.0
unsup_score:-100.0;0.0
sil:-1.0;0.0
dis5:0.0;0.0
imb:0.0;0.0
