bop_js:0.12446005709348358;0.0
nn_dist:0.067145771267825;0.0
nn_acc:1.0;0.0
unsup_score:101.8614262483271;0.0
sil:0.2903936236470719;0.0
dis5:0.728220638836199;0.0
imb:7.8475;0.0
