bop_js:0.29913215360546097;0.0
nn_dist:0.06880489810364326;0.0
nn_acc:0.98465;0.0
unsup_score:16.237881434951426;0.0
sil:0.06447282384011452;0.0
dis5:0.09790599050939974;0.0
imb:1694.1485;0.0
