bop_js:0.0019202479833018565;0.0
nn_dist:0.0213062050978124;0.0
nn_acc:0.99395;0.0
unsup_score:110.25851691908758;0.0
sil:0.40621391273986385;0.0
dis5:0.6963712564510122;0.0
imb:1878.8740666666667;0.0
