bop_js:0.021265021416026302;0.0002015110247351108
nn_dist:0.1847392288392896;0.002526146800489099
nn_acc:0.9245166666666668;0.0011813363431113165
unsup_score:112.57294802230297;1.1345124715204382
sil:0.41826984783245086;0.005546056235338167
dis5:0.707459632390579;0.005839377661138064
imb:490.2332666666667;23.62200151685335
