bop_js:0.03114617219655888;0.0
nn_dist:0.006825467499926531;0.0
nn_acc:1.0;0.0
unsup_score:100.38506529573066;0.0
sil:0.34272027295446494;0.0
dis5:0.6611303800028416;0.0
imb:2002.8659331003494;0.0
