bop_js:0.10415030910951671;0.003819950733032296
nn_dist:0.11783550360349344;4.616494624854489e-05
nn_acc:1.0;0.0
unsup_score:110.94195624250763;0.15945973937818628
sil:0.3283081885946597;0.0024308553319988485
dis5:0.7811113738304165;0.002095056261778698
imb:6.863227513227513;0.003196573008887442
