bop_js:0.4011396175050996;0.0
nn_dist:0.19793882670671067;0.0
nn_acc:1.0;0.0
unsup_score:79.600119197869;0.0
sil:0.3266392239681611;0.0
dis5:0.469361968010529;0.0
imb:5.861111111111111;0.0
