bop_js:0.003974547062255016;9.945749738748026e-05
nn_dist:0.058498767918411;0.000754554825558969
nn_acc:0.9756333333333332;0.0003922867431979917
unsup_score:113.5212485974705;0.08062986212553944
sil:0.41731415494664414;0.0005737492040283607
dis5:0.7178983310280609;0.0002429134333677052
imb:1512.5651555555557;7.845211814968953
