bop_js:0.0060574651943558315;0.0
nn_dist:0.00750094425083045;0.0
nn_acc:1.0;0.0
unsup_score:106.92921804882765;0.0
sil:0.38600323056162694;0.0
dis5:0.6832889499266495;0.0
imb:1999.866;0.0
