bop_js:0.14595901639854633;0.0
nn_dist:0.12529509412754208;0.0
nn_acc:0.95705;0.0
unsup_score:52.145746157771924;0.0
sil:0.19971510869808706;0.0
dis5:0.3217423528796322;0.0
imb:1140.4245;0.0
