bop_js:0.007502744640301258;0.0
nn_dist:0.7508181532351065;0.0
nn_acc:0.988154189727158;0.0
unsup_score:3.822428705742527;0.0
sil:0.05651916821427864;0.0
dis5:-0.01829488115685337;0.0
imb:2.0866019417475727;0.0
