bop_js:0.4571244400292496;0.001243877388330878
nn_dist:1.6294125702999507;0.0012722240126828335
nn_acc:0.8803767356053985;0.005080677911234526
unsup_score:6.427953882108341;1.1264477428705386
sil:0.10100600298974978;0.005245459333364634
dis5:-0.03672646416866638;0.006469849482685286
imb:2.5048543689320386;0.4816029831450168
