bop_js:0.004843651861166152;0.00016129064743003238
nn_dist:0.38358175358706886;0.0022361302147061225
nn_acc:0.9904845130595202;0.0005716905114624875
unsup_score:4.645473351450664;0.06858772022028983
sil:0.061440050336519676;0.0008097819877418546
dis5:-0.014985316822013045;0.000261330048187553
imb:1.7653202140514415;0.45255934347245563
