bop_js:0.0486714337765524;0.001903247838040583
nn_dist:1.2749810441410585;0.003004787396251722
nn_acc:0.9543645014079036;0.0013754428818898864
unsup_score:4.3868436200339405;0.20988573178181708
sil:0.06183701299550951;0.0014460419690649562
dis5:-0.017968576795170103;0.0008759287595951506
imb:1.7584466019417475;0.4833690585648745
