bop_js:0.48310628196878475;0.004413152215469412
nn_dist:2.156860766160102;0.005603263363349304
nn_acc:0.7961290740201314;0.013754961925963535
unsup_score:4.396232954748929;1.1218092915646702
sil:0.06228571074827572;0.0063559897379498
dis5:-0.018323381200786432;0.005093124880183916
imb:2.5064724919093853;0.46971855308100596
