bop_js:0.5317359423699716;0.0
nn_dist:2.406251927697218;0.0
nn_acc:0.7678415380133994;0.0
unsup_score:-3.6344522861575914;0.0
sil:0.009846408465445707;0.0
dis5:-0.046190931327021616;0.0
imb:4.137864077669903;0.0
