bop_js:0.06334822549000564;0.0009376777819724232
nn_dist:1.039947160232478;0.000470092834536839
nn_acc:0.9589604168689516;0.0005950343499643643
unsup_score:1.6779940057553182;0.08471746487807166
sil:0.053248133403208976;0.0008208532170518287
dis5:-0.0364681933456558;0.00048549780222639674
imb:3.1526213592233012;0.005041069897377633
