bop_js:0.4820170789880744;0.014505012554101028
nn_dist:2.15426524893323;0.01396144691813785
nn_acc:0.8007573550830177;0.014530172787199013
unsup_score:2.176966268156214;2.0157060273444047
sil:0.05004771973807123;0.01726986560106945
dis5:-0.028278057056509088;0.00669243019191792
imb:2.1747572815533984;0.7808545791342894
