bop_js:0.03572022370078951;0.0004926399388828421
nn_dist:0.6460867581120823;0.00017014705054567954
nn_acc:0.9784445091756481;7.927920972209806e-05
unsup_score:3.2798858028187294;0.008566818690487909
sil:0.05570501088326782;0.00019773804868111896
dis5:-0.02290615285508053;0.00011333736649386645
imb:2.459611650485437;0.45282571999179105
