bop_js:0.01092138520610213;0.0
nn_dist:0.3200771285080305;0.0
nn_acc:0.9923293523643072;0.0
unsup_score:4.007023913309481;0.0
sil:0.057488206874009525;0.0
dis5:-0.01741796774091472;0.0
imb:1.0585189021232524;0.0
