bop_js:0.03483453387645162;0.0
nn_dist:1.278002690731273;0.0
nn_acc:0.9628119234877173;0.0
unsup_score:4.090825284411905;0.0
sil:0.05842071805690747;0.0
dis5:-0.017512465212788417;0.0
imb:2.17747572815534;0.0
