bop_js:0.01540518492459844;0.0002107904992029099
nn_dist:0.8066700801201886;0.000860720592386709
nn_acc:0.978347412370133;0.0008934313196648187
unsup_score:4.717001128491095;0.06397929827225743
sil:0.06237235536490399;0.00036497307744468195
dis5:-0.01520234407999304;0.00027651030521403557
imb:1.4652427184466017;0.43835251426254856
