bop_js:0.6018435728803226;0.0
nn_dist:2.732128943350678;0.0
nn_acc:0.691620545684047;0.0
unsup_score:-0.23327396322570004;0.0
sil:0.01880425382929414;0.0
dis5:-0.02113699346155114;0.0
imb:3.41747572815534;0.0
