bop_js:0.004858254287989698;0.0001219807099157339
nn_dist:0.38872917118696954;6.287226807017428e-05
nn_acc:0.9918762339385702;0.00061579757227042
unsup_score:4.652719737553782;0.0298335176942122
sil:0.061028359880225126;0.00031375533944157325
dis5:-0.014501162504687316;0.00043132143890191646
imb:1.7811582944933537;0.4464452376924055
