bop_js:0.04154508414937139;0.0
nn_dist:0.7421206084235185;0.0
nn_acc:0.9739780561219535;0.0
unsup_score:3.5498200243049975;0.0
sil:0.05378100420969468;0.0
dis5:-0.018282803966644706;0.0
imb:2.146019417475728;0.0
