bop_js:0.5227868380435079;0.0
nn_dist:2.3915334516703046;0.0
nn_acc:0.793086707447325;0.0
unsup_score:-3.6595886715590433;0.0
sil:0.005382553534836506;0.0
dis5:-0.04197844025042694;0.0
imb:3.242718446601942;0.0
