bop_js:0.10573513276019082;0.0
nn_dist:1.6839090201944051;0.0
nn_acc:0.9286338479464026;0.0
unsup_score:2.401848829344772;0.0
sil:0.046798309098121924;0.0
dis5:-0.0227798208046742;0.0
imb:2.2155339805825243;0.0
