bop_js:0.030852574669065963;0.0
nn_dist:1.2626450190490948;0.0
nn_acc:0.9633945043208079;0.0
unsup_score:3.277016254645936;0.0
sil:0.052527989941485345;0.0
dis5:-0.019757827395025983;0.0
imb:2.1471844660194175;0.0
