bop_js:0.11376298764871132;0.0
nn_dist:1.3115799094241527;0.0
nn_acc:0.9282454607243422;0.0
unsup_score:2.678884129700169;0.0
sil:0.04453742788164976;0.0
dis5:-0.01774858658464807;0.0
imb:3.205436893203883;0.0
