bop_js:0.12982616438180308;0.001151864019903468
nn_dist:1.6449326968047195;0.0017439933306272906
nn_acc:0.922840405217335;0.0026654011444364576
unsup_score:4.432990676510484;0.19363655321239517
sil:0.06201772854181884;0.0011875326298189902
dis5:-0.017687821776714;0.0007885075651660524
imb:1.496925566343042;1.2037592803998098
