bop_js:0.008052584396153192;0.0
nn_dist:0.7714670447044129;0.0
nn_acc:0.9870861248664919;0.0
unsup_score:4.384087053263422;0.0
sil:0.060536683888769684;0.0
dis5:-0.016695813356135458;0.0
imb:2.1281553398058253;0.0
