bop_js:0.10897649144351522;0.0008306119031782045
nn_dist:1.303226750099144;0.00030643580772703785
nn_acc:0.937243098035408;0.0017302736711814913
unsup_score:1.3350804318922274;0.564879575365748
sil:0.060283108633627236;0.0022351051730654273
dis5:-0.046932304314704965;0.0036407981295715867
imb:2.223948220064725;0.009289773523888245
