bop_js:0.13611478934703222;0.002839359085637787
nn_dist:1.6438737137037662;0.001841429672095811
nn_acc:0.922484383597113;0.0026057827242606884
unsup_score:4.285506914825034;0.6270068933318819
sil:0.06215112478785356;0.004227576127924729
dis5:-0.01929605563960322;0.0021058403178844808
imb:2.414239482200647;0.47070549378605525
