bop_js:0.0030678039134982085;0.0
nn_dist:0.3673895839523756;0.0
nn_acc:0.9952422565297602;0.0
unsup_score:4.447468385788985;0.0
sil:0.06015579089110758;0.0
dis5:-0.015681107033217716;0.0
imb:2.1178146038322114;0.0
