bop_js:0.045992804778901795;0.0005871580717444027
nn_dist:1.2792501441638247;0.0002809610423434566
nn_acc:0.9563064375182057;0.0009901970120580297
unsup_score:4.532928604544963;0.036366400998823226
sil:0.06231945015937096;0.0011797584614257688
dis5:-0.01699016411392134;0.0008295024284918323
imb:1.7879611650485436;0.42184518529244364
