bop_js:0.010867668214701759;0.0001318481161275298
nn_dist:0.29857774740092846;0.00026431245642640985
nn_acc:0.992232255558792;0.0005985449075608334
unsup_score:4.097180120196931;0.004734301903826199
sil:0.059336584399294866;6.5949583642398e-05
dis5:-0.018364783197325547;8.751508536891195e-05
imb:1.715518729501122;0.461274562903379
