bop_js:0.12243627512528389;0.0
nn_dist:1.6932340304597784;0.0
nn_acc:0.9259151373919798;0.0
unsup_score:2.5948774860334747;0.0
sil:0.051312846265622145;0.0
dis5:-0.025364071405287396;0.0
imb:2.2776699029126215;0.0
