bop_js:0.015379692216579236;0.0007661752530069647
nn_dist:0.7996493323745412;0.003592166186151657
nn_acc:0.9765673042690229;0.0006648748611248514
unsup_score:4.571170626734624;0.14724678224244117
sil:0.061542328379899924;0.0012601348511759839
dis5:-0.015830622112553695;0.000715743978969691
imb:1.1192233009708736;0.013393836396878137
