bop_js:0.0042496384303285385;0.0
nn_dist:0.32877150520708;0.0
nn_acc:0.9964074181959414;0.0
unsup_score:4.01115008072772;0.0
sil:0.05710131863616125;0.0
dis5:-0.016989817828884042;0.0
imb:1.0810460901087522;0.0
