bop_js:0.2401266331824926;0.0
nn_dist:1.8235591298274012;0.0
nn_acc:0.884746091853578;0.0
unsup_score:1.4955637390316874;0.0
sil:0.03307837192482796;0.0
dis5:-0.018122734534511086;0.0
imb:3.311165048543689;0.0
