bop_js:0.0038928223543380318;0.0
nn_dist:0.8499512616306453;0.0
nn_acc:0.9847377196357573;0.0
unsup_score:3.5120174390131065;0.0
sil:0.05670116088711016;0.0
dis5:-0.021580986496979093;0.0
imb:11.029297765617875;0.0
