bop_js:0.02350527265651235;0.0003699630956326281
nn_dist:1.5631459309382247;0.0023580538790941045
nn_acc:0.9429695181907571;0.0004359813187630292
unsup_score:1.6211257935497985;0.057081864341523327
sil:0.054246640401262425;0.00027104411068925547
dis5:-0.03803538246576444;0.00034925880349826767
imb:15.833665957404;0.46811037051835175
