bop_js:0.0426284415997745;0.0
nn_dist:2.9389213320427827;0.0
nn_acc:0.8607156598691804;0.0
unsup_score:2.735324623986661;0.0
sil:0.049156066011396174;0.0
dis5:-0.021802819771529567;0.0
imb:11.078416281853942;0.0
