bop_js:0.006822300444693401;0.0003907523809740455
nn_dist:0.8999791571536012;0.000523415512910867
nn_acc:0.9685349065880038;0.0009730072828644241
unsup_score:3.579378124499842;0.09795552813227919
sil:0.058738590222029076;0.0006058090341161657
dis5:-0.022944808977030648;0.0003833686230955649
imb:9.708363733090136;0.9434727441564845
