bop_js:0.009589488949536856;0.0
nn_dist:1.7742472585164626;0.0
nn_acc:0.944978838014621;0.0
unsup_score:3.003430837531747;0.0
sil:0.05441541939213417;0.0
dis5:-0.0243811110168167;0.0
imb:12.050795279630579;0.0
