bop_js:0.02765980864359613;0.0
nn_dist:1.769165333951978;0.0
nn_acc:0.9254841605745799;0.0
unsup_score:3.272119172207186;0.0
sil:0.05133095466877623;0.0
dis5:-0.018609762946704373;0.0
imb:13.221981968775196;0.0
