bop_js:0.23543532453513966;0.0
nn_dist:4.053972307665467;0.0
nn_acc:0.7633705271258177;0.0
unsup_score:0.5811599918290916;0.0
sil:0.023285926900308184;0.0
dis5:-0.017474326982017268;0.0
imb:17.362962962962964;0.0
