bop_js:0.5219026958352725;0.0021014683340810814
nn_dist:4.799391728484074;0.012651432415353955
nn_acc:0.5567953486383651;0.016766977871042497
unsup_score:-0.8439953184292673;1.2207480651915739
sil:0.0227563706453698;0.012815570569621279
dis5:-0.031196323829662476;0.0007935691764019259
imb:12.753764753764754;0.9274811503829652
