bop_js:0.004723050318878125;0.0
nn_dist:0.7861770270186503;0.0
nn_acc:0.9892266256252404;0.0
unsup_score:3.3302639861729126;0.0
sil:0.05585723161602389;0.0
dis5:-0.022554591754294768;0.0
imb:12.082079343365253;0.0
