bop_js:0.5592590062235505;0.0
nn_dist:5.188298838622673;0.0
nn_acc:0.5632935744517122;0.0
unsup_score:-5.40474893759392;0.0
sil:-0.025729840258303067;0.0
dis5:-0.02831764911763613;0.0
imb:16.264705882352942;0.0
