bop_js:0.555734247298349;0.0
nn_dist:5.222575346947959;0.0
nn_acc:0.548544311914839;0.0
unsup_score:-5.498470804706803;0.0
sil:-0.03225175204080071;0.0
dis5:-0.022732956006267315;0.0
imb:15.318910256410255;0.0
