bop_js:0.5960593861802084;0.0
nn_dist:5.529303363547287;0.0
nn_acc:0.5405925355906118;0.0
unsup_score:-5.541538140389202;0.0
sil:-0.04128371371559781;0.0
dis5:-0.014131667688294205;0.0
imb:16.402714932126695;0.0
