bop_js:0.009987785192643952;0.0
nn_dist:1.7946329673957153;0.0
nn_acc:0.9465178914967295;0.0
unsup_score:3.2315454842916744;0.0
sil:0.055297586885582076;0.0
dis5:-0.022982132042665335;0.0
imb:11.030613990080383;0.0
