bop_js:0.469458063163445;0.002713504400009313
nn_dist:3.5814934013286988;0.004288105741723525
nn_acc:0.756316531999487;0.012765023762748465
unsup_score:5.706858455840229;1.4457995634210719
sil:0.09000107143156194;0.011705664420440135
dis5:-0.03293248687315967;0.005542739562385811
imb:9.345679012345679;0.8014238205983943
