bop_js:0.15302498945539478;0.0
nn_dist:3.8666269541847402;0.0
nn_acc:0.7932538155700911;0.0
unsup_score:0.624406683523664;0.0
sil:0.02908570706129326;0.0
dis5:-0.02284164022605662;0.0
imb:12.15128205128205;0.0
