bop_js:0.0669680179443969;0.0003591579881817203
nn_dist:2.94167336390731;0.005500407780520617
nn_acc:0.8681544183660382;0.0031952267010482227
unsup_score:3.7238686958384157;0.008799541765540571
sil:0.05899604642857715;0.0004985972358418137
dis5:-0.021757359470193;0.0004950402112509837
imb:12.754047659768544;1.681024374288564
