bop_js:0.04558120234691447;0.0
nn_dist:2.9461169981411297;0.0
nn_acc:0.8672566371681416;0.0
unsup_score:2.6404480741987224;0.0
sil:0.049078065573731;0.0
dis5:-0.02267358483174377;0.0
imb:10.115910257008256;0.0
