bop_js:0.08434241093269947;0.0
nn_dist:3.017735381503961;0.0
nn_acc:0.8466076696165191;0.0
unsup_score:2.4519989622687897;0.0
sil:0.04181685537290142;0.0
dis5:-0.01729686575021352;0.0
imb:15.308812211390457;0.0
