bop_js:0.008006559579162915;4.931959271991531e-05
nn_dist:0.7399925538312527;0.0011898892898062365
nn_acc:0.9838399384378608;0.00010471932550050998
unsup_score:2.3588615239437853;0.021433952413022477
sil:0.05697439866507098;0.00019128912238959372
dis5:-0.03338578342563312;0.00038713872380623417
imb:11.462845797233621;0.4661601716445784
