bop_js:0.1507188807713851;0.0
nn_dist:3.8499683341256286;0.0
nn_acc:0.7995382839553674;0.0
unsup_score:1.3267150957265117;0.0
sil:0.03477096628466444;0.0
dis5:-0.021503815327399322;0.0
imb:12.174358974358974;0.0
