bop_js:0.007931868239856723;0.0
nn_dist:0.7811843816436711;0.0
nn_acc:0.9807618314736437;0.0
unsup_score:3.526580025608264;0.0
sil:0.0565037013255317;0.0
dis5:-0.021237901069449058;0.0
imb:12.117305061559508;0.0
