bop_js:0.006373195506309971;0.00046853958586654676
nn_dist:0.9031376042351359;0.003556012749202671
nn_acc:0.9729383096062589;0.0006369827893527986
unsup_score:3.5129157819367394;0.04143988058052216
sil:0.05786129793884493;0.00013160356824551812
dis5:-0.022732140119477537;0.0004984648172059981
imb:10.0286391042205;1.4130497206183363
