bop_js:0.13076738307761862;0.002582091881390011
nn_dist:2.985332353020325;0.0019709131428995823
nn_acc:0.8492155102389809;0.0028493151559063935
unsup_score:4.3847249441592675;0.8195978312661644
sil:0.07963770045057855;0.003984063934282071
dis5:-0.035790451008985875;0.004703508671348289
imb:14.878810690943043;1.23721946733893
