bop_js:0.020261999085537406;0.0009779332134374668
nn_dist:1.8689127718005711;0.0037738318883809986
nn_acc:0.924500876405455;0.003384125078391402
unsup_score:3.4382695146775824;0.20035314055831194
sil:0.057791188531346314;0.0006120488346462768
dis5:-0.02340849338457049;0.0016719123276258908
imb:11.710415338609286;1.6942294998384417
