bop_js:0.05178623791404635;0.0012590839701836132
nn_dist:2.4310269465874392;0.001867260344581611
nn_acc:0.8832884442734384;0.0013853064636842806
unsup_score:1.4127579614695558;0.24351457375396746
sil:0.05730349845229347;0.0012858146922794798
dis5:-0.043175918837597915;0.0017488563782038467
imb:15.217987857020693;0.8099719716588506
