bop_js:0.17218347118559177;0.0011675125267122256
nn_dist:3.745373518866;0.00657813315833336
nn_acc:0.8094993801034586;0.0015996141194365256
unsup_score:3.4292550988338935;0.431761241091992
sil:0.055733895172735914;0.0039145916739651765
dis5:-0.02144134418439698;0.0006305250252994231
imb:12.159444444444444;2.424319810423096
