bop_js:0.5235409967343453;0.0024774826126784176
nn_dist:4.792481252938799;0.028738418823877065
nn_acc:0.5766747894489334;0.02102077983871602
unsup_score:0.16051148543601476;0.6430387013216982
sil:0.027517045188744173;0.006601750815122974
dis5:-0.02591193033438402;0.0005984669771864206
imb:13.067044067044067;1.9718097896962081
