bop_js:0.1775915373937933;0.0040485005581492916
nn_dist:3.7417169826201007;0.0017218790996609964
nn_acc:0.8061647642255568;0.0008464362307393333
unsup_score:3.0669541281829393;0.38907760892575205
sil:0.05628319295616172;0.0031839458739623154
dis5:-0.025613651674332324;0.0015010076599339477
imb:10.821969696969697;0.446240202508541
