bop_js:0.06578687835795073;0.0008503240904287943
nn_dist:2.9473204208295716;0.0016286642923302246
nn_acc:0.8663161044846307;0.0006972556295284392
unsup_score:3.4364400723148187;0.380935401561486
sil:0.05578101685218939;0.0011034855277891858
dis5:-0.021416616129041208;0.0032399120050468255
imb:11.083064168030816;1.6233680560707051
