bop_js:0.02209413182053338;0.0007667225947564471
nn_dist:1.868306479230248;0.00025996882545218335
nn_acc:0.9229190714377324;0.0006539719781445111
unsup_score:3.719899177958457;0.209669185523357
sil:0.0587620742575373;0.001247760066526698
dis5:-0.021563082477952727;0.0009103835850484153
imb:12.055722511340777;0.814293768215314
