bop_js:0.03634402535202358;0.0
nn_dist:0.16949837156988923;0.0
nn_acc:0.8874;0.0
unsup_score:-5.060002191496917;0.0
sil:-0.0047874478754660115;0.0
dis5:-0.04581257403950316;0.0
imb:9.0796;0.0
