bop_js:0.007012941562773793;0.0
nn_dist:0.05691100171173515;0.0
nn_acc:0.9864;0.0
unsup_score:-3.1311228299356952;0.0
sil:-0.0019547169577300363;0.0
dis5:-0.02935651134162692;0.0
imb:11.052083333333334;0.0
