bop_js:0.018641506612693926;0.0
nn_dist:0.01986614474027904;0.0
nn_acc:0.99915;0.0
unsup_score:-3.0441401637054146;0.0
sil:-0.0027322523522537467;0.0
dis5:-0.027709149284800397;0.0
imb:8.111377777777777;0.0
