bop_js:0.009861512079718677;0.0
nn_dist:0.11371481201864288;0.0
nn_acc:0.94905;0.0
unsup_score:-2.0626825592585885;0.0
sil:0.004951036093305544;0.0
dis5:-0.025577861685891427;0.0
imb:10.055018181818182;0.0
