bop_js:0.07539754239080206;0.0025235417102123614
nn_dist:0.17064651302518116;0.0005750771127140022
nn_acc:0.8598833333333333;0.0019601587237319112
unsup_score:-3.814406742285336;0.5911296585984116
sil:-0.0004612911837364282;0.004031738503812382
dis5:-0.03768277623911693;0.0026695839998669493
imb:11.75025;0.46918311102027793
