bop_js:0.4299370652733807;0.0
nn_dist:0.32255619598285756;0.0
nn_acc:0.54955;0.0
unsup_score:-16.44589394396424;0.0
sil:-0.0985251528969875;0.0
dis5:-0.06593378654265489;0.0
imb:11.328333333333333;0.0
