bop_js:0.41922488275706976;0.0030575556454446257
nn_dist:0.3067981661416674;0.0015286017166939992
nn_acc:0.5076333333333333;0.01473161754715196
unsup_score:-10.789620366623566;1.4273844966724454
sil:-0.041154959609691066;0.014905919769109523
dis5:-0.0667412440565446;0.006444753838895136
imb:12.63288888888889;1.1958553527460414
