bop_js:0.07763090791716185;0.0026217280213439846
nn_dist:0.1704800324313733;0.0005718066651684107
nn_acc:0.8570666666666668;0.002253269229857375
unsup_score:-2.8526808298731865;0.4035296569019828
sil:0.00445687501715441;0.003977257955176812
dis5:-0.032983683315886275;0.004737379453543663
imb:11.109421717171719;0.8286034966620914
