bop_js:0.014798244625361126;9.200507936716754e-05
nn_dist:0.01667822607985547;2.930221162116576e-06
nn_acc:0.9990166666666668;0.00010274023338280497
unsup_score:-3.1731789138180404;0.035150912355947486
sil:-0.0032716056346393453;0.00012464556252793043
dis5:-0.028460183503541066;0.00038458914194943074
imb:8.43174962962963;0.4665575068300959
