bop_js:0.006316676001328712;0.0
nn_dist:0.018304458557491767;0.0
nn_acc:0.99765;0.0
unsup_score:-2.6023277301234145;0.0
sil:-0.0010746152345229613;0.0
dis5:-0.02494866206671118;0.0
imb:11.054755555555555;0.0
