bop_js:0.46280794358125954;0.0
nn_dist:0.35521209559898775;0.0
nn_acc:0.49055;0.0
unsup_score:-13.46263318678735;0.0
sil:-0.09973541595867391;0.0
dis5:-0.0348909159091996;0.0
imb:12.41;0.0
