bop_js:0.007776619045519136;0.00021134231931291942
nn_dist:0.06859745279546349;0.00015729589144269888
nn_acc:0.9692166666666667;0.0008013876853447703
unsup_score:-1.034753423796278;0.45951251912707003
sil:0.010159800610723356;0.0017682066128768999
dis5:-0.020507334848686137;0.0028628053076308886
imb:12.056554545454546;1.410955341263969
