bop_js:0.022879817897460995;0.000922152418231801
nn_dist:0.11796009289848863;0.00033060371508135557
nn_acc:0.9320166666666667;0.0011271892279274087
unsup_score:-1.4260866459853017;0.5509580529736476
sil:0.00916410397619745;0.0017389334671722013
dis5:-0.023424970436050473;0.004546922655688728
imb:12.741695238095238;0.4789388754735928
