bop_js:0.03481076615789432;0.00014071295946098408
nn_dist:0.13201831958188073;0.00015065643653399725
nn_acc:0.9314166666666667;0.0006141841924229654
unsup_score:-6.16964380558106;0.6307338777713668
sil:-0.0128046642637008;0.0024322155053307696
dis5:-0.048891773792109794;0.004161922295684913
imb:14.085661507936507;0.8112924409783905
