bop_js:0.42475989297005534;0.004775035698588287
nn_dist:0.30687545826809254;0.002644652022780991
nn_acc:0.5047333333333334;0.007127684679395481
unsup_score:-8.561105017015118;2.404504797970588
sil:-0.027059540693717226;0.019589567078765063
dis5:-0.05855150947643394;0.00579712295956696
imb:12.288060606060606;1.5953702737535551
