bop_js:0.43690503405082864;0.0
nn_dist:0.3241347530520016;0.0
nn_acc:0.55075;0.0
unsup_score:-13.807056638032854;0.0
sil:-0.0777263448117431;0.0
dis5:-0.06034422156858543;0.0
imb:11.306666666666667;0.0
