bop_js:0.0021573121662963;9.640779225188135e-05
nn_dist:0.031509713298060286;4.123692808056256e-05
nn_acc:0.9888499999999999;0.0006480740698408002
unsup_score:-1.4687709168320835;0.12560948779315056
sil:0.008024995067714856;0.001602571818235469
dis5:-0.02271270423603569;0.0007841760983112701
imb:10.702250505050506;0.9371639332605081
