bop_js:0.002680435383734709;0.00010010962115645995
nn_dist:0.03171636853635305;0.00015452077941077057
nn_acc:0.9880333333333334;0.0008605553762283657
unsup_score:-0.7475432433871586;0.13176078927646687
sil:0.00976099118019544;0.0004666599514938815
dis5:-0.017236423614067027;0.0016835069907576922
imb:11.04520808080808;0.8153050874274878
