bop_js:0.02738313872570881;0.0001634915066386522
nn_dist:0.049420347073697656;1.9528578512167702e-05
nn_acc:0.9925166666666666;0.00020949675149962413
unsup_score:-4.69931557466274;0.04242875378445668
sil:-0.011376622099069263;0.0004674760368982236
dis5:-0.03561653364755813;4.8404184395781684e-05
imb:12.405645555555557;1.2431331364006364
