bop_js:0.38523048829826473;0.0010140275239863001
nn_dist:0.23301710516684257;0.0004766336237896602
nn_acc:0.6255333333333333;0.015659945366727438
unsup_score:-15.239115634870386;1.8419510443504643
sil:-0.076288691036072;0.019121754607220442
dis5:-0.07610246531263183;0.0013515898381158576
imb:10.91588383838384;0.4842126762858762
