bop_js:0.00673280556281058;0.00014682620023437142
nn_dist:0.0683501743677696;0.00014566460898578882
nn_acc:0.97155;0.0007082843120292191
unsup_score:-1.792936218263251;0.10854165082856486
sil:0.006733641365207196;0.0014688255822896722
dis5:-0.024663003547839703;0.0007235845394079769
imb:11.04051111111111;0.8103788895889117
