bop_js:0.06478996935115326;0.0
nn_dist:0.1174608875342718;0.0
nn_acc:0.95815;0.0
unsup_score:-5.519836380531748;0.0
sil:-0.021670819303609982;0.0
dis5:-0.033527544501707494;0.0
imb:12.1172;0.0
