bop_js:0.0010305659600270245;0.0
nn_dist:0.02709030587949529;0.0
nn_acc:0.9926;0.0
unsup_score:-1.370784417706748;0.0
sil:0.007452612039178156;0.0
dis5:-0.021160456216245637;0.0
imb:11.027455555555555;0.0
