bop_js:0.002728555664622092;0.0
nn_dist:0.06289132306941371;0.0
nn_acc:0.9776;0.0
unsup_score:-1.6087907708543565;0.0
sil:0.008903699075572726;0.0
dis5:-0.024991606784116292;0.0
imb:13.0328;0.0
