bop_js:0.10766682325885504;0.0
nn_dist:0.18199849741354707;0.0
nn_acc:0.87675;0.0
unsup_score:-5.815704274274007;0.0
sil:-0.028037293966291846;0.0
dis5:-0.03011974877644822;0.0
imb:14.1524;0.0
