bop_js:0.040577939093591336;0.0
nn_dist:0.05945170150725737;0.0
nn_acc:0.9909;0.0
unsup_score:-4.809052400136631;0.0
sil:-0.014039895151205144;0.0
dis5:-0.03405062885016117;0.0
imb:11.092383333333334;0.0
