bop_js:0.031614965307288224;0.00033957500791957217
nn_dist:0.09279531096666822;8.297085731270058e-05
nn_acc:0.9702666666666667;0.0003472111109333356
unsup_score:-5.1550770869205005;0.14324180346707113
sil:-0.013993354548964361;0.00025885000984419553
dis5:-0.03755741632024064;0.0011736448939120424
imb:14.072907063492062;0.8099577236888834
