bop_js:0.03343031150724092;0.0
nn_dist:0.1681763157276402;0.0
nn_acc:0.89845;0.0
unsup_score:-5.781407768787599;0.0
sil:-0.015078995487949078;0.0
dis5:-0.04273508219992691;0.0
imb:11.098666666666666;0.0
