bop_js:0.021192440653250693;0.0005619097861667067
nn_dist:0.11774741379610561;0.00023371949311603264
nn_acc:0.9337666666666666;0.0003472111109333356
unsup_score:-2.5006449920846556;0.6099108386419999
sil:0.004265447624545326;0.0022295554829186138
dis5:-0.02927189754539188;0.004610695556138295
imb:11.055824242424242;0.81990327217352
