bop_js:0.012880889492999504;0.0
nn_dist:0.11100111254934307;0.0
nn_acc:0.9578;0.0
unsup_score:-3.9166750189193857;0.0
sil:-0.007848559138896538;0.0
dis5:-0.03131819105029732;0.0
imb:9.08064;0.0
