bop_js:0.4064627023659328;0.004788492280501283
nn_dist:0.1522375785938428;0.0005155686238896442
nn_acc:0.7413774973711882;0.007452607978738988
unsup_score:25.827056188837563;2.117039436908141
sil:0.13901245225127506;0.016432519749262565
dis5:0.11925810963710058;0.018003319381616964
imb:0.1789473684210526;0.04547888209409029
