bop_js:0.10528567270970164;0.0020631353214827764
nn_dist:0.07526298308123171;7.960888038148549e-05
nn_acc:0.8444269190325974;0.0012088723702054587
unsup_score:20.47890229722213;0.7799206390116524
sil:0.13947690046867853;0.002808210207635695
dis5:0.0653121225035428;0.005196075333780057
imb:0.20679985979670526;0.010666052614583137
