bop_js:0.07589485976166609;0.0027114788141739538
nn_dist:0.09265553310396098;0.0001509499067614389
nn_acc:0.7990536277602525;0.0023808773498411287
unsup_score:27.57077091533482;1.0512198862319861
sil:0.13217046333234558;0.005045630655032105
dis5:0.1435372458210026;0.005893416769396924
imb:0.2436032246757799;0.005716616344304238
