bop_js:0.4100471216389396;0.0017431853017059902
nn_dist:0.1238540235552343;0.0001154611592793863
nn_acc:0.805783385909569;0.0015424353821022244
unsup_score:31.506159316126357;0.45771111752409654
sil:0.20557822512397997;0.0028794157886007634
dis5:0.10948336803728359;0.007294483609858752
imb:0.02105263157894736;0.017189401703741565
