bop_js:0.07004435114253955;0.0006031599692073278
nn_dist:0.09383726096439009;6.61636131267059e-05
nn_acc:0.8026112863652296;0.0011376678841302328
unsup_score:29.54057539959426;1.3135776153082284
sil:0.13830620064712326;0.0054553732789661465
dis5:0.1570995533488193;0.00798537244557507
imb:0.2870662460567824;0.016714502653440398
