bop_js:0.00910167568864586;0.000138637191399219
nn_dist:0.03886057250252535;0.00020398328704636216
nn_acc:0.8992814581142657;0.001379952308799818
unsup_score:29.166684461895688;0.7317974984314174
sil:0.13660936219628816;0.0038701168107442264
dis5:0.1550574824226687;0.003703165036256919
imb:0.2641430073606729;0.0031051152597757073
