bop_js:0.02687626256133011;0.0004791786962916797
nn_dist:0.06604177343472797;0.00021326781683433637
nn_acc:0.8430774623203646;0.001552755445729867
unsup_score:28.74023298722916;1.452325696408771
sil:0.13632009367387463;0.00538556960930634
dis5:0.15108223619841696;0.00918908159742904
imb:0.24374342797055734;0.013529436334317354
