bop_js:0.00716548726469707;0.0
nn_dist:0.0120100842985627;0.0
nn_acc:0.9690325972660357;0.0
unsup_score:21.21518050697258;0.0
sil:0.10839158897999278;0.0
dis5:0.10376021608973304;0.0
imb:0.16480897301086572;0.0
