bop_js:0.051782315967613186;0.0
nn_dist:0.09402607625176011;0.0
nn_acc:0.8006309148264984;0.0
unsup_score:22.953514742302858;0.0
sil:0.11963286636826673;0.0
dis5:0.10990228105476185;0.0
imb:0.2218717139852786;0.0
