bop_js:0.002566056608584069;0.00020115123212362596
nn_dist:0.018811529778696278;0.0001781172364807782
nn_acc:0.9526112863652295;0.0016472022625319746
unsup_score:29.629890538890397;0.20384350356328826
sil:0.13735144418633674;0.0011058362111459213
dis5:0.15894746120256728;0.0009490913555185848
imb:0.2942633485220236;0.0015244310251477553
