bop_js:0.032832943115798485;0.0
nn_dist:0.0308494137536058;0.0
nn_acc:0.9109884332281809;0.0
unsup_score:12.93288096275011;0.0
sil:0.08222197719680455;0.0
dis5:0.04710683243069655;0.0
imb:0.023554153522607812;0.0
