bop_js:0.018949645027910696;0.0
nn_dist:0.06099879676138869;0.0
nn_acc:0.8466351209253418;0.0
unsup_score:20.817377515678608;0.0
sil:0.11171567630409156;0.0
dis5:0.09645809885269453;0.0
imb:0.07171398527865414;0.0
