bop_js:0.12358402226595293;0.0
nn_dist:0.06307740835176015;0.0
nn_acc:0.8207676130389064;0.0
unsup_score:3.7493628972968254;0.0
sil:0.061557763081246206;0.0
dis5:-0.02406413410827795;0.0
imb:0.36950578338590967;0.0
