bop_js:0.015004374837490626;0.0
nn_dist:0.06585347262217252;0.0
nn_acc:0.844900105152471;0.0
unsup_score:27.132798950788168;0.0
sil:0.13210362748612087;0.0
dis5:0.1392243620217608;0.0
imb:0.26477392218717144;0.0
