bop_js:0.4114719461023436;0.0
nn_dist:0.163135218851098;0.0
nn_acc:0.7392218717139852;0.0
unsup_score:9.229799629008081;0.0
sil:0.04991742163552976;0.0
dis5:0.042380574654551056;0.0
imb:0.05263157894736836;0.0
