bop_js:0.3910311451812607;0.001284882468665621
nn_dist:0.15204037588604524;0.0014628353014870567
nn_acc:0.7490361023484051;0.0009885947967872759
unsup_score:25.836493288444483;4.540951205144151
sil:0.13280711931769754;0.016997694948875246
dis5:0.12555781356674725;0.03085041397012055
imb:0.2596491228070175;0.0699997801517895
