bop_js:0.05196229195576044;0.0
nn_dist:0.09075619440453124;0.0
nn_acc:0.7983175604626709;0.0
unsup_score:17.0910985251094;0.0
sil:0.09566644187217874;0.0
dis5:0.07524454337891523;0.0
imb:0.017875920084122088;0.0
