bop_js:0.07148752983042861;0.000608705213529826
nn_dist:0.05044434390007733;2.4114135704959538e-05
nn_acc:0.8754293725902559;0.0009048952431423577
unsup_score:15.860195531949197;0.02024485848166397
sil:0.11154143128963064;0.0011401124941255063
dis5:0.047060524029861335;0.001263761459503134
imb:0.1879425166491413;0.004573293075443429
