bop_js:0.007161480687724968;3.549060457433135e-05
nn_dist:0.011392680650669229;8.099064789389487e-06
nn_acc:0.9718717139852787;0.00030956049303636793
unsup_score:20.826156503327706;0.12487673142674477
sil:0.10763404454761967;0.00039918346591195756
dis5:0.10062752048565737;0.0008845789781127174
imb:0.1512092534174553;0.0016863295761344937
