bop_js:0.009829273674829393;0.0
nn_dist:0.03154038957471952;0.0
nn_acc:0.9063091482649842;0.0
unsup_score:22.98248903188414;0.0
sil:0.11952040920003097;0.0
dis5:0.11030448111881043;0.0
imb:0.1215562565720294;0.0
