bop_js:0.007802875456675564;0.00026305448293415467
nn_dist:0.040331052446076356;0.00011238716238718289
nn_acc:0.9033123028391167;0.00066918622825227
unsup_score:29.583173821435278;0.19031354876875833
sil:0.1372565569517482;0.0008520407752907245
dis5:0.1585751812626046;0.0011287069183997455
imb:0.2947073256221522;0.0023439542232457406
