bop_js:0.02670637953966935;9.236242017566449e-05
nn_dist:0.027501434097819317;2.7240318363109628e-05
nn_acc:0.9260077111812127;0.0006328590986774272
unsup_score:15.765395474664487;0.24477062246634376
sil:0.09667187301333312;0.0010072059387237768
dis5:0.060982081733311766;0.001640436971228298
imb:0.010655450403084465;0.00437560085084528
