bop_js:0.0014343515867422715;0.0
nn_dist:0.016886346102911263;0.0
nn_acc:0.9549421661409043;0.0
unsup_score:29.273526021615346;0.0
sil:0.13667092364932523;0.0
dis5:0.15606433656682828;0.0
imb:0.2914125481948826;0.0
