bop_js:0.0031396484422150793;0.0
nn_dist:0.012419934781086028;0.0
nn_acc:0.9613038906414301;0.0
unsup_score:25.07521953441687;0.0
sil:0.1248457335035712;0.0
dis5:0.1259064618405975;0.0
imb:0.20616894497020688;0.0
