bop_js:0.0038792302049255115;0.0
nn_dist:0.037480854939822915;0.0
nn_acc:0.9067297581493166;0.0
unsup_score:28.589884428539214;0.0
sil:0.13538390976694606;0.0
dis5:0.15051493451844608;0.0
imb:0.2784437434279705;0.0
