bop_js:0.023405978218902224;0.000548271968753636
nn_dist:0.06764274454151793;6.907533892065341e-05
nn_acc:0.8467402733964248;0.0026528866060027165
unsup_score:29.552076509510126;0.1764797782097898
sil:0.13582249689305206;0.00031618323796914785
dis5:0.15969826820204913;0.0017562246758611316
imb:0.2974412898703119;0.005851703261047069
