bop_js:0.002899176406149334;7.83048300520845e-05
nn_dist:0.017691873575256162;0.00014374036815766443
nn_acc:0.9520504731861199;0.0017850128813895595
unsup_score:29.33473055819661;0.3737389550577374
sil:0.1368545683636122;0.0019109184527099196
dis5:0.15649273721835386;0.002116037438066033
imb:0.27384040191611164;0.004447389556114609
