bop_js:0.28873063750316025;0.0
nn_dist:0.10992053806919158;0.0
nn_acc:0.7505257623554153;0.0
unsup_score:3.36950048245062;0.0
sil:0.07690114576902883;0.0
dis5:-0.04320614094452263;0.0
imb:0.6687697160883281;0.0
