bop_js:0.588573855859832;0.0
nn_dist:0.23861302770249926;0.0
nn_acc:0.7080967402733964;0.0
unsup_score:5.494133578154774;0.0
sil:0.06883143456866253;0.0
dis5:-0.013890098787114788;0.0
imb:0.7263157894736842;0.0
