bop_js:0.42687179813278897;0.0
nn_dist:0.16043828651695397;0.0
nn_acc:0.7328075709779179;0.0
unsup_score:9.274955657964197;0.0
sil:0.06610712448989395;0.0
dis5:0.02664243208974802;0.0
imb:0.08421052631578951;0.0
