bop_js:0.0023257868367343067;0.0
nn_dist:0.04454775239535041;0.0
nn_acc:0.9988173216885007;0.0
unsup_score:30.521549156341226;0.0
sil:0.18008186532609335;0.0
dis5:0.1251336262373189;0.0
imb:4.04463852498787;0.0
