bop_js:0.0272649576391629;0.00025445983942598517
nn_dist:0.07894717017742674;4.0360619539082606e-05
nn_acc:0.9990599223677826;4.288614636015548e-05
unsup_score:14.910440670350603;0.40572955297185737
sil:0.11324352104154638;0.0008985966962558779
dis5:0.035860885661959656;0.0032965695706256093
imb:5.82868348698043;0.4586819375765177
