bop_js:0.00455165784026818;0.0
nn_dist:0.03545316686771714;0.0
nn_acc:0.9996360989810772;0.0
unsup_score:24.18250696742194;0.0
sil:0.15656092038110364;0.0
dis5:0.08526414929311578;0.0
imb:5.063763545204593;0.0
