bop_js:0.006951434107383022;0.0
nn_dist:0.0987287670277966;0.0
nn_acc:0.99745269286754;0.0
unsup_score:28.619590157390945;0.0
sil:0.17723473712606536;0.0
dis5:0.10896116444784408;0.0
imb:4.050582241630276;0.0
