bop_js:0.004543830011714514;0.0004707074886165351
nn_dist:0.04987792694196121;0.0002239439771620932
nn_acc:0.9983927704997574;0.00023877995736328953
unsup_score:30.188682639879772;0.7737264022343302
sil:0.18098706744759865;0.0020483394569515453
dis5:0.12089975895119907;0.0056893557607915965
imb:4.037198770823225;0.003806761214924642
