bop_js:0.024449273753157016;0.0
nn_dist:0.17420748895039537;0.0
nn_acc:0.9933588064046579;0.0
unsup_score:27.39121139466806;0.0
sil:0.17449092189034326;0.0
dis5:0.09942119205633732;0.0
imb:4.053857350800582;0.0
