bop_js:0.01421628667048014;0.0003501888685978887
nn_dist:0.1065638986901792;0.0003766475897830269
nn_acc:0.9964519650655023;0.0003403982338768063
unsup_score:29.11957684491738;1.5304193236120185
sil:0.18146489860366688;0.002982041306524082
dis5:0.10973086984550695;0.012536162072646097
imb:4.03808830664726;0.004499572292817076
