bop_js:0.00978109645097451;7.329377677359142e-05
nn_dist:0.0322530954998158;1.0138402332978253e-05
nn_acc:0.9997270742358079;0.0
unsup_score:21.60765902841365;0.06583178665069009
sil:0.14409151671962425;0.0006114384543007398
dis5:0.0719850735645123;5.338743088672316e-05
imb:4.136907650008086;0.0006051524157811121
