bop_js:0.00859254745191361;0.0
nn_dist:0.09026484785943233;0.0
nn_acc:0.9988173216885007;0.0
unsup_score:21.94240951804745;0.0
sil:0.14968321273033766;0.0
dis5:0.06974088245013685;0.0
imb:5.075994662785056;0.0
