bop_js:0.0851856004447362;0.0030882120541216047
nn_dist:0.20443691073861792;0.0001301747586615273
nn_acc:0.9920851528384279;0.0003859753172415563
unsup_score:14.111148309167396;1.2894088168334508
sil:0.09324021890836504;0.0033271232251508814
dis5:0.04787126418330892;0.01022559709665272
imb:5.518378901454423;0.4631013309220584
