bop_js:0.0926337535403496;0.0
nn_dist:0.25528414320651255;0.0
nn_acc:0.9852620087336245;0.0
unsup_score:11.97883501444342;0.0
sil:0.11426764360321097;0.0
dis5:0.005520706541223237;0.0
imb:3.117379435850774;0.0
