bop_js:0.5660759328737128;0.0
nn_dist:0.5855134942282864;0.0
nn_acc:0.8577147016011645;0.0
unsup_score:-10.031809557435894;0.0
sil:-0.06907009464210175;0.0
dis5:-0.031248000932257193;0.0
imb:5.53030303030303;0.0
