bop_js:0.043423073985277144;0.0017362298967094731
nn_dist:0.1797714678332474;0.0002985218933268268
nn_acc:0.9904779233381853;0.0003510382369841797
unsup_score:29.516280792322224;2.273411421359517
sil:0.1854503734872134;0.005781963038157801
dis5:0.10971243443600887;0.020549538608388134
imb:4.714944201843765;0.46648124933138946
