bop_js:0.022396421299068783;0.0
nn_dist:0.16864796465377654;0.0
nn_acc:0.9954512372634643;0.0
unsup_score:18.611074444576353;0.0
sil:0.13679825857200262;0.0
dis5:0.04931248587376092;0.0
imb:5.07265890344493;0.0
