bop_js:0.010404464312318614;0.0
nn_dist:0.034197104751324564;0.0
nn_acc:0.9998180494905385;0.0
unsup_score:21.225407762184407;0.0
sil:0.14192559530941826;0.0
dis5:0.07032848231242579;0.0
imb:4.137554585152839;0.0
