bop_js:0.014153477760095706;0.000838530624086775
nn_dist:0.10611314453398724;0.00046538069972027623
nn_acc:0.9964822901504125;0.0003092563994173257
unsup_score:29.78720378454675;0.7868542340360664
sil:0.17799857724610443;0.0031484171297863905
dis5:0.1198734605993631;0.009944962456444075
imb:4.380074397541647;0.46961231147684196
