bop_js:0.03497198305692707;0.0
nn_dist:0.0890386931744443;0.0
nn_acc:0.9989082969432315;0.0
unsup_score:12.03615751875921;0.0
sil:0.10329998212182297;0.0
dis5:0.017061593065769123;0.0
imb:4.244177583697234;0.0
