bop_js:0.5287999056509671;0.0
nn_dist:0.5240184119482385;0.0
nn_acc:0.915938864628821;0.0
unsup_score:-2.083095391088561;0.0
sil:0.014059973459489821;0.0
dis5:-0.03489092737037543;0.0
imb:5.2272727272727275;0.0
