bop_js:0.1298724809101819;0.0039044735256268713
nn_dist:0.2547565502426095;0.0013273097431301714
nn_acc:0.9798944687045124;0.0021257862892190053
unsup_score:28.009638348255706;1.5380501652472987
sil:0.18517759817503107;0.003511264055382538
dis5:0.094918785307526;0.013071775004237379
imb:4.425711685948265;1.232544272440437
