bop_js:0.13218781383631317;0.0021979019749462634
nn_dist:0.2562713016357904;0.0017026720040502485
nn_acc:0.978438864628821;0.000837104181334447
unsup_score:32.28209307638318;0.84439876615957
sil:0.19663001140401906;0.005239288315877758
dis5:0.12619091935981266;0.004180321850667265
imb:3.7623597209584467;0.44806673962867
