bop_js:0.09821027397381824;0.0
nn_dist:0.2585656824854407;0.0
nn_acc:0.9844432314410481;0.0
unsup_score:21.78274901186391;0.0
sil:0.16253400107630842;0.0
dis5:0.055293489042330675;0.0
imb:4.084622383985441;0.0
