bop_js:0.4925798710977332;0.0005100648223675379
nn_dist:0.4609056950416641;0.00819463888031735
nn_acc:0.8727559437166424;0.026000077718029646
unsup_score:23.452626518310726;4.761148074364572
sil:0.18131461048285302;0.03267583148462078
dis5:0.05321165470025425;0.015777841898820137
imb:4.3090909090909095;0.8551577432498757
