bop_js:0.04820406040531166;0.0008668546965262081
nn_dist:0.14342629183135702;6.61167151067642e-05
nn_acc:0.9966339155749636;0.0004456859066199275
unsup_score:13.40024460958692;0.4669587024828243
sil:0.09427002156660874;0.0006565190468916491
dis5:0.03973242452926045;0.004608846758663462
imb:6.189020586400499;0.0007351910804603466
