bop_js:0.04536132862578043;0.0017669095871688312
nn_dist:0.1794979433819377;0.00027663196134064153
nn_acc:0.9904172731683648;0.00036641939512356043
unsup_score:29.14214944918149;0.96250080042164
sil:0.17965225926810202;0.0031369716245233845
dis5:0.11176923522371285;0.00901233097080245
imb:4.393888195744091;1.2380506796047641
