bop_js:0.5348169021681546;0.0
nn_dist:0.5242826597335759;0.0
nn_acc:0.8794577874818049;0.0
unsup_score:-7.155152773116559;0.0
sil:-0.022886311687269546;0.0
dis5:-0.048665216043896044;0.0
imb:5.212121212121212;0.0
