bop_js:0.4796582966540656;0.0047129907202870655
nn_dist:0.4532295993266318;0.007413781850982553
nn_acc:0.9014434740417273;0.010824228858253232
unsup_score:15.554607964708444;5.2502122873476536
sil:0.1285772555248661;0.027231895961284145
dis5:0.026968824122218307;0.025277631165982486
imb:4.9505050505050505;0.4033099457686136
