bop_js:0.4703834727216127;0.0009112087497278617
nn_dist:0.34557664630827684;0.00045918063993561633
nn_acc:0.9634582726831634;0.0013480173927033188
unsup_score:9.217939393791161;2.692448125549178
sil:0.09250112240133825;0.01899165150342187
dis5:-0.000321728463426653;0.010471676970673582
imb:4.5747474747474755;0.44004016104477683
