bop_js:0.004317560236452345;0.00014349458163036586
nn_dist:0.04913427364128117;9.115373912792309e-05
nn_acc:0.9985140708393984;0.00028122326830107324
unsup_score:30.652191387331275;0.162943723342338
sil:0.17896784359446183;0.0007020258952125347
dis5:0.1275540702788509;0.0023186550028105237
imb:3.706958596150736;0.46675709845385754
