bop_js:0.19809023297526462;0.0
nn_dist:0.2861179347496196;0.0
nn_acc:0.9860807860262009;0.0
unsup_score:0.200716486212614;0.0
sil:0.022270583344652796;0.0
dis5:-0.020263418482526656;0.0
imb:6.321461068503835;0.0
