bop_js:0.08639714519624571;0.0
nn_dist:0.17762233840747144;0.0
nn_acc:0.9962700145560408;0.0
unsup_score:3.3563030030276026;0.0
sil:0.05518351435359447;0.0
dis5:-0.02162048432331844;0.0
imb:6.254522769806613;0.0
