bop_js:0.5248639706322528;0.0022327207940302687
nn_dist:0.14883465070467125;0.0004979654223670069
nn_acc:0.5371196962700734;0.0010688351883432919
unsup_score:-0.8331424521653004;4.054799368257725
sil:0.02641186860097806;0.0034807289722269827
dis5:-0.03474329312263106;0.03725484574608001
imb:1.3358974358974358;0.4315164459548674
