bop_js:0.6309384404307607;0.0
nn_dist:0.2747052283220519;0.0
nn_acc:0.4114206556872403;0.0
unsup_score:-12.470786373110968;0.0
sil:-0.05591416627436871;0.0
dis5:-0.06879369745674098;0.0
imb:2.5641025641025643;0.0
