bop_js:0.5461426849944285;0.00211869842796979
nn_dist:0.18122586815048813;0.003294028340716248
nn_acc:0.4096762608383357;0.01209357809913244
unsup_score:-22.54782373582887;5.228298452479068
sil:-0.1632269353483543;0.051480150467216955
dis5:-0.062251302009934395;0.014835036674830342
imb:2.728205128205128;0.7536978748291817
