bop_js:0.003698588037849136;0.0
nn_dist:0.009639129570896968;0.0
nn_acc:0.9342773587809758;0.0
unsup_score:-15.742291136329357;0.0
sil:-0.08285620536015204;0.0
dis5:-0.07456670600314154;0.0
imb:3.8840036938231073;0.0
