bop_js:0.007794229303531593;8.231517284999282e-05
nn_dist:0.0022036415237809176;8.235158568810785e-06
nn_acc:0.978502898773793;0.0006449030367850204
unsup_score:-16.29092248058503;0.04673064060519359
sil:-0.0800492256775667;0.00010855928409183366
dis5:-0.08285999912828362;0.0004161816466682754
imb:3.8670052671181345;0.0001692915886280458
