bop_js:0.008390021759494284;0.0
nn_dist:0.0025411697482844663;0.0
nn_acc:0.9746036632291827;0.0
unsup_score:-15.724201122571424;0.0
sil:-0.08023307695506436;0.0
dis5:-0.07700893427064986;0.0
imb:3.8671249743484513;0.0
