bop_js:0.010658359689641822;0.0
nn_dist:0.0253401282880561;0.0
nn_acc:0.8289979990764968;0.0
unsup_score:-14.094136536528644;0.0
sil:-0.08432603567770773;0.0
dis5:-0.056615329687578715;0.0
imb:3.867456896551724;0.0
