bop_js:0.08783353326673393;0.0
nn_dist:0.0715459723291855;0.0
nn_acc:0.6265968908727105;0.0
unsup_score:-6.7914113965882175;0.0
sil:-0.03834157805117691;0.0
dis5:-0.02957253591470526;0.0
imb:3.6222290640394084;0.0
