bop_js:0.07762969099436913;0.0016176234241129376
nn_dist:0.07375403936826491;0.0007830995651863252
nn_acc:0.6336257759991791;0.0016969714646289196
unsup_score:-17.771055239025653;4.258881280512829
sil:-0.10217160433785498;0.01913099750518467
dis5:-0.07553894805240155;0.02512009785683538
imb:3.876795977011495;0.0033310411262553125
