bop_js:0.04270721583774374;0.0
nn_dist:0.06684338690556875;0.0
nn_acc:0.6402955210096968;0.0
unsup_score:-7.084396653175534;0.0
sil:-0.037379269421047655;0.0
dis5:-0.033464697110707695;0.0
imb:3.6434729064039413;0.0
