bop_js:0.007860879445559322;0.0002743606396105061
nn_dist:0.015822500422940155;0.0004313138842366815
nn_acc:0.9061105125442511;0.002624126387059555
unsup_score:-13.465280784414924;0.9127540312596247
sil:-0.08247112139221657;0.004411601842423353
dis5:-0.05218168645193267;0.004734001106086842
imb:3.87442711539777;0.0025618466022510906
