bop_js:0.025435473087019544;0.001365757672893649
nn_dist:0.038277563731236565;0.00012708519655453887
nn_acc:0.7861064080857831;0.00260701780635421
unsup_score:-14.27498727376952;2.6973384177728112
sil:-0.08574147360553462;0.013123022887650597
dis5:-0.05700839913216058;0.015855355364387504
imb:3.876077586206897;0.0037587014253694486
