bop_js:0.6130849844875239;0.0
nn_dist:0.22322359378474985;0.0
nn_acc:0.41419116515314763;0.0
unsup_score:-13.804967230037063;0.0
sil:-0.05394949717946475;0.0
dis5:-0.08410017512090587;0.0
imb:2.4871794871794872;0.0
