bop_js:0.2724390421918098;0.0
nn_dist:0.12420929473661119;0.0
nn_acc:0.49638294597506544;0.0
unsup_score:-8.836849406963552;0.0
sil:-0.04728768574899088;0.0
dis5:-0.04108080832064463;0.0
imb:3.605384615384615;0.0
