bop_js:0.006949866388774311;0.0
nn_dist:0.002229022333225197;0.0
nn_acc:0.975065414806834;0.0
unsup_score:-15.686159322458918;0.0
sil:-0.08031107394220449;0.0
dis5:-0.07655051928238468;0.0
imb:3.869638826185102;0.0
