bop_js:0.17110709397575483;0.0
nn_dist:0.10986225538918074;0.0
nn_acc:0.5236262890564876;0.0
unsup_score:-14.971776087117188;0.0
sil:-0.08739552993255384;0.0
dis5:-0.06232223093861805;0.0
imb:3.8492307692307692;0.0
