bop_js:0.1561297483508678;0.0003578401512133606
nn_dist:0.08848469858382142;0.00010695138056805049
nn_acc:0.6261864450259094;0.0036365594677890763
unsup_score:-5.144305651916115;2.359211957528621
sil:-0.019179401937143733;0.016804515473727785
dis5:-0.032263654582017416;0.009755723287362331
imb:3.7607692307692306;0.008904489925223224
