bop_js:0.01874542898834262;0.00015597175238564934
nn_dist:0.022483215520482363;8.182664987851119e-05
nn_acc:0.8565491765430199;0.001574676440739069
unsup_score:-14.33644089110337;1.339395678068851
sil:-0.07101809821474772;0.002165216442532344
dis5:-0.07234631069628596;0.011274005879654287
imb:4.133764367816092;0.3918572303917235
