bop_js:0.2100764183250032;0.00569082939903831
nn_dist:0.10867137326559878;0.0007761338098598967
nn_acc:0.5230619260171361;0.013856157262449825
unsup_score:-13.077276774641268;4.454030169965068
sil:-0.0747508923062182;0.027687166336298044
dis5:-0.05602187544019446;0.017097693238288473
imb:3.5185897435897444;0.47346266672086773
