bop_js:0.6062075866716015;0.0
nn_dist:0.21275150862183617;0.0
nn_acc:0.3874095736493766;0.0
unsup_score:-30.636895238097427;0.0
sil:-0.14438993347251317;0.0
dis5:-0.1619790189084611;0.0
imb:3.5153846153846153;0.0
