bop_js:0.047030514156546445;0.0012504481400591816
nn_dist:0.05506635580762665;3.753192454141865e-05
nn_acc:0.724180390949669;0.001306030687123095
unsup_score:-5.553134428103057;0.26338193492056544
sil:-0.021353728545718504;0.0013107725015560783
dis5:-0.03417761573531206;0.0038283272161801826
imb:3.707512315270936;0.005759940558457307
