bop_js:0.5470098455201439;0.008812714370657768
nn_dist:0.18504690571652702;0.002025116735650003
nn_acc:0.4208096044328151;0.008564215941661426
unsup_score:-18.1708600692473;4.908981753502903
sil:-0.10335515726767412;0.01998134446916007
dis5:-0.0783534434247989;0.033195424862903826
imb:2.3846153846153846;0.4356459807649457
