bop_js:0.010737332145921149;0.0
nn_dist:0.03032562755849694;0.0
nn_acc:0.8222256426042789;0.0
unsup_score:-11.440257794176759;0.0
sil:-0.07377380944102294;0.0
dis5:-0.04062876850074466;0.0
imb:3.8782327586206895;0.0
