bop_js:0.02464765996793422;0.0
nn_dist:0.027038689279691802;0.0
nn_acc:0.807911343697091;0.0
unsup_score:-18.235673172752602;0.0
sil:-0.08739614624831465;0.0
dis5:-0.09496058547921138;0.0
imb:3.8421336206896557;0.0
