bop_js:0.18575719608781266;0.0
nn_dist:0.10964827611350615;0.0
nn_acc:0.520394028012929;0.0
unsup_score:-9.577940810648625;0.0
sil:-0.04891806203518944;0.0
dis5:-0.046861346071296814;0.0
imb:3.628461538461538;0.0
