bop_js:0.20194465371594594;0.002483891111075976
nn_dist:0.10893963831823306;0.00022994067187219163
nn_acc:0.5282438048329997;0.002453036393798534
unsup_score:-7.8699554845353275;1.2840297825251112
sil:-0.04880729847284826;0.009676051217336452
dis5:-0.029892256372505015;0.015289668130532954
imb:3.0518803418803415;0.4502182651001838
