bop_js:0.008429541839993086;0.0002654546420266316
nn_dist:0.01663386570874818;0.00011204844224877202
nn_acc:0.9039556718485455;0.002223379886103373
unsup_score:-15.516073582245431;5.581120092051758
sil:-0.08474363447788653;0.0171473539302245
dis5:-0.07041710134456775;0.039325695034662746
imb:3.880651891374239;0.0018851513481798134
