bop_js:0.04521339169022935;0.0
nn_dist:0.06895069918693159;0.0
nn_acc:0.6513775588733262;0.0
unsup_score:-13.29012315693435;0.0
sil:-0.07828294979276713;0.0
dis5:-0.05461828177657637;0.0
imb:3.8706896551724137;0.0
