bop_js:0.026620815647719037;9.013029863177654e-05
nn_dist:0.0391282156108764;0.00015380868437386665
nn_acc:0.7846698476219793;0.00012567286146336992
unsup_score:-17.299829473965957;4.554212438159228
sil:-0.09041731237507117;0.011213985589898706
dis5:-0.0825809823645884;0.03455690213970715
imb:3.8814655172413794;0.005279072721515583
