bop_js:0.07904840329033849;0.0027801501361817364
nn_dist:0.0718941186254801;0.0002458111661565136
nn_acc:0.6371145656969884;0.003084323711495379
unsup_score:-12.307753831979722;3.439316967758457
sil:-0.07060284300046178;0.016628961443874657
dis5:-0.052474695319335456;0.01776422327853935
imb:3.5319170771756987;0.47452822601598904
